Product Name,PSA
Stationt Name,BurnIn
Version,V1.0.0
Serial Number,!210840051!V29102835
Total Test Time,1065
DUTResult,Passed
Date Time,20210427123311
Stepname,MeasureValue,Unit,Lowlimit,Highlimit,Result,CycleTime
If,,,,,Done,3.81E-05
End,,,,,Done,3.92E-05
7.0.0 Error Code Check,FF,,FF,FF,Passed,5.51E-05
7.0.1 Enter Troque mode,True,,True,True,Passed,4.94E-05
7.4.1 Power Test U Current OP4(0),419.535054175824,A,400,500,Passed,0.1815917
7.4.2 Power Test V Current OP4(0),421.209895490531,A,400,500,Passed,0.1732183
7.4.3 Power Test W Current OP4(0),421.955948964472,A,400,500,Passed,0.3360652
7.4.4 Power Test F_TEMP_MEAS_CTL  OP4(0),24,deg,20,99,Passed,0.0001744
7.4.5 Power Test F_TEMP_MEAS_MOD OP4(0),73,deg,20,99,Passed,0.0001794
7.4.6 Power Test F_TEMP_MEAS_DRV OP4(0),24,deg,20,99,Passed,0.0001631
7.4.7 Power Test AN_CTP_COOLING_F OP4(0),29,deg,20,99,Passed,0.0002655
7.4.8 Power Test FSEVBLV_Voltage OP4(0),9,V,9,12,Passed,0.0001695
7.4.9 Power Test FSEVBHV_Voltage OP4(0),391,V,360,410,Passed,0.0004728
7.4.10 Power Test FTEABHV_UbatHV OP4(0),389,V,360,410,Passed,0.0001871
7.4.11 Power Test SAEABHV_Voltage OP4(0),391,V,360,410,Passed,0.0002595
7.8.1 Power Test U Current OP8(0),419.411911693082,A,400,500,Passed,0.1905726
7.8.2 Power Test V Current OP8(0),421.519176962921,A,400,500,Passed,0.3254834
7.8.3 Power Test W Current OP8(0),422.404594156625,A,400,500,Passed,0.3260897
7.8.4 Power Test F_TEMP_MEAS_CTL  OP8(0),24,deg,20,99,Passed,0.0004202
7.8.5 Power Test F_TEMP_MEAS_MOD OP8(0),75,deg,20,99,Passed,0.0002475
7.8.6 Power Test F_TEMP_MEAS_DRV OP8(0),25,deg,20,99,Passed,0.0001734
7.8.7 Power Test AN_CTP_COOLING_F OP8(0),36,deg,20,99,Passed,0.0003174
7.8.8 Power Test FSEVBLV_Voltage OP8(0),15,V,14,17,Passed,0.0109561
7.8.9 Power Test FSEVBHV_Voltage OP8(0),391,V,360,410,Passed,0.0002581
7.8.10 Power Test FTEABHV_UbatHV OP8(0),388,V,360,410,Passed,0.0002161
7.8.11 Power Test SAEABHV_Voltage OP8(0),391,V,360,410,Passed,0.0006871
7.4.1 Power Test U Current OP4(1),419.122910660398,A,400,500,Passed,0.1897467
7.4.2 Power Test V Current OP4(1),420.611238546568,A,400,500,Passed,0.3273319
7.4.3 Power Test W Current OP4(1),422.746833093372,A,400,500,Passed,0.3199277
7.4.4 Power Test F_TEMP_MEAS_CTL  OP4(1),25,deg,20,99,Passed,0.0001649
7.4.5 Power Test F_TEMP_MEAS_MOD OP4(1),75,deg,20,99,Passed,0.0002203
7.4.6 Power Test F_TEMP_MEAS_DRV OP4(1),27,deg,20,99,Passed,0.0002504
7.4.7 Power Test AN_CTP_COOLING_F OP4(1),40,deg,20,99,Passed,0.0002193
7.4.8 Power Test FSEVBLV_Voltage OP4(1),9,V,9,12,Passed,0.0001755
7.4.9 Power Test FSEVBHV_Voltage OP4(1),391,V,360,410,Passed,0.0002242
7.4.10 Power Test FTEABHV_UbatHV OP4(1),389,V,360,410,Passed,0.0001871
7.4.11 Power Test SAEABHV_Voltage OP4(1),391,V,360,410,Passed,0.0002737
7.8.1 Power Test U Current OP8(1),418.612285715676,A,400,500,Passed,0.1772987
7.8.2 Power Test V Current OP8(1),420.721046301861,A,400,500,Passed,0.1718761
7.8.3 Power Test W Current OP8(1),421.273507299006,A,400,500,Passed,0.3165421
7.8.4 Power Test F_TEMP_MEAS_CTL  OP8(1),26,deg,20,99,Passed,0.0001684
7.8.5 Power Test F_TEMP_MEAS_MOD OP8(1),76,deg,20,99,Passed,0.000166
7.8.6 Power Test F_TEMP_MEAS_DRV OP8(1),28,deg,20,99,Passed,0.0004495
7.8.7 Power Test AN_CTP_COOLING_F OP8(1),43,deg,20,99,Passed,0.0001709
7.8.8 Power Test FSEVBLV_Voltage OP8(1),15,V,14,17,Passed,0.0001999
7.8.9 Power Test FSEVBHV_Voltage OP8(1),391,V,360,410,Passed,0.0002122
7.8.10 Power Test FTEABHV_UbatHV OP8(1),389,V,360,410,Passed,0.0002059
7.8.11 Power Test SAEABHV_Voltage OP8(1),391,V,360,410,Passed,0.0002436
7.4.1 Power Test U Current OP4(2),417.315978228976,A,400,500,Passed,0.1821698
7.4.2 Power Test V Current OP4(2),421.823881231378,A,400,500,Passed,0.1835967
7.4.3 Power Test W Current OP4(2),423.315855695786,A,400,500,Passed,0.3277418
7.4.4 Power Test F_TEMP_MEAS_CTL  OP4(2),27,deg,20,99,Passed,0.0001822
7.4.5 Power Test F_TEMP_MEAS_MOD OP4(2),76,deg,20,99,Passed,0.0001614
7.4.6 Power Test F_TEMP_MEAS_DRV OP4(2),30,deg,20,99,Passed,0.0001645
7.4.7 Power Test AN_CTP_COOLING_F OP4(2),44,deg,20,99,Passed,0.0002203
7.4.8 Power Test FSEVBLV_Voltage OP4(2),9,V,9,12,Passed,0.0001677
7.4.9 Power Test FSEVBHV_Voltage OP4(2),391,V,360,410,Passed,0.0001946
7.4.10 Power Test FTEABHV_UbatHV OP4(2),389,V,360,410,Passed,0.0002083
7.4.11 Power Test SAEABHV_Voltage OP4(2),391,V,360,410,Passed,0.000214
7.8.1 Power Test U Current OP8(2),418.494977468518,A,400,500,Passed,0.1914469
7.8.2 Power Test V Current OP8(2),422.165260200156,A,400,500,Passed,0.1705802
7.8.3 Power Test W Current OP8(2),422.398964306769,A,400,500,Passed,0.3188969
7.8.4 Power Test F_TEMP_MEAS_CTL  OP8(2),28,deg,20,99,Passed,0.0002182
7.8.5 Power Test F_TEMP_MEAS_MOD OP8(2),77,deg,20,99,Passed,0.0001797
7.8.6 Power Test F_TEMP_MEAS_DRV OP8(2),32,deg,20,99,Passed,0.0005067
7.8.7 Power Test AN_CTP_COOLING_F OP8(2),46,deg,20,99,Passed,0.0001667
7.8.8 Power Test FSEVBLV_Voltage OP8(2),15,V,14,17,Passed,0.0002772
7.8.9 Power Test FSEVBHV_Voltage OP8(2),391,V,360,410,Passed,0.0001815
7.8.10 Power Test FTEABHV_UbatHV OP8(2),389,V,360,410,Passed,0.0001847
7.8.11 Power Test SAEABHV_Voltage OP8(2),391,V,360,410,Passed,0.0001861
7.4.1 Power Test U Current OP4(3),415.598925853732,A,400,500,Passed,0.1812139
7.4.2 Power Test V Current OP4(3),422.070213255285,A,400,500,Passed,0.1728803
7.4.3 Power Test W Current OP4(3),422.517329859146,A,400,500,Passed,0.3219781
7.4.4 Power Test F_TEMP_MEAS_CTL  OP4(3),29,deg,20,99,Passed,0.0001628
7.4.5 Power Test F_TEMP_MEAS_MOD OP4(3),77,deg,20,99,Passed,0.0001642
7.4.6 Power Test F_TEMP_MEAS_DRV OP4(3),34,deg,20,99,Passed,0.0001638
7.4.7 Power Test AN_CTP_COOLING_F OP4(3),47,deg,20,99,Passed,0.0001744
7.4.8 Power Test FSEVBLV_Voltage OP4(3),9,V,9,12,Passed,0.0001596
7.4.9 Power Test FSEVBHV_Voltage OP4(3),391,V,360,410,Passed,0.0001833
7.4.10 Power Test FTEABHV_UbatHV OP4(3),389,V,360,410,Passed,0.0002023
7.4.11 Power Test SAEABHV_Voltage OP4(3),391,V,360,410,Passed,0.0004742
7.8.1 Power Test U Current OP8(3),419.443420206826,A,400,500,Passed,0.1808245
7.8.2 Power Test V Current OP8(3),420.59620337168,A,400,500,Passed,0.321696
7.8.3 Power Test W Current OP8(3),421.693078837171,A,400,500,Passed,0.3516579
7.8.4 Power Test F_TEMP_MEAS_CTL  OP8(3),30,deg,20,99,Passed,0.000179
7.8.5 Power Test F_TEMP_MEAS_MOD OP8(3),78,deg,20,99,Passed,0.0001716
7.8.6 Power Test F_TEMP_MEAS_DRV OP8(3),36,deg,20,99,Passed,0.0146817
7.8.7 Power Test AN_CTP_COOLING_F OP8(3),48,deg,20,99,Passed,0.0001981
7.8.8 Power Test FSEVBLV_Voltage OP8(3),15,V,14,17,Passed,0.0001737
7.8.9 Power Test FSEVBHV_Voltage OP8(3),391,V,360,410,Passed,0.0001882
7.8.10 Power Test FTEABHV_UbatHV OP8(3),388,V,360,410,Passed,0.0003881
7.8.11 Power Test SAEABHV_Voltage OP8(3),391,V,360,410,Passed,0.0008637
7.4.1 Power Test U Current OP4(4),417.533059338356,A,400,500,Passed,0.1823001
7.4.2 Power Test V Current OP4(4),423.676190335275,A,400,500,Passed,0.3243012
7.4.3 Power Test W Current OP4(4),423.422080864408,A,400,500,Passed,0.3241935
7.4.4 Power Test F_TEMP_MEAS_CTL  OP4(4),31,deg,20,99,Passed,0.0001638
7.4.5 Power Test F_TEMP_MEAS_MOD OP4(4),78,deg,20,99,Passed,0.0001896
7.4.6 Power Test F_TEMP_MEAS_DRV OP4(4),37,deg,20,99,Passed,0.0001854
7.4.7 Power Test AN_CTP_COOLING_F OP4(4),49,deg,20,99,Passed,0.0001744
7.4.8 Power Test FSEVBLV_Voltage OP4(4),9,V,9,12,Passed,0.0002931
7.4.9 Power Test FSEVBHV_Voltage OP4(4),391,V,360,410,Passed,0.000559
7.4.10 Power Test FTEABHV_UbatHV OP4(4),390,V,360,410,Passed,0.0005046
7.4.11 Power Test SAEABHV_Voltage OP4(4),391,V,360,410,Passed,0.0002133
7.8.1 Power Test U Current OP8(4),419.491294419238,A,400,500,Passed,0.1774566
7.8.2 Power Test V Current OP8(4),420.756881190666,A,400,500,Passed,0.1740615
7.8.3 Power Test W Current OP8(4),420.851098774523,A,400,500,Passed,0.3231469
7.8.4 Power Test F_TEMP_MEAS_CTL  OP8(4),32,deg,20,99,Passed,0.0001931
7.8.5 Power Test F_TEMP_MEAS_MOD OP8(4),77,deg,20,99,Passed,0.0001737
7.8.6 Power Test F_TEMP_MEAS_DRV OP8(4),39,deg,20,99,Passed,0.0002055
7.8.7 Power Test AN_CTP_COOLING_F OP8(4),50,deg,20,99,Passed,0.0001889
7.8.8 Power Test FSEVBLV_Voltage OP8(4),15,V,14,17,Passed,0.0001723
7.8.9 Power Test FSEVBHV_Voltage OP8(4),391,V,360,410,Passed,0.0001818
7.8.10 Power Test FTEABHV_UbatHV OP8(4),389,V,360,410,Passed,0.0002235
7.8.11 Power Test SAEABHV_Voltage OP8(4),391,V,360,410,Passed,0.0004386
7.4.1 Power Test U Current OP4(5),419.08855814807,A,400,500,Passed,0.1784629
7.4.2 Power Test V Current OP4(5),419.459893743476,A,400,500,Passed,0.1712822
7.4.3 Power Test W Current OP4(5),422.830103701846,A,400,500,Passed,0.3167084
7.4.4 Power Test F_TEMP_MEAS_CTL  OP4(5),33,deg,20,99,Passed,0.0002165
7.4.5 Power Test F_TEMP_MEAS_MOD OP4(5),75,deg,20,99,Passed,0.0004025
7.4.6 Power Test F_TEMP_MEAS_DRV OP4(5),41,deg,20,99,Passed,0.0001737
7.4.7 Power Test AN_CTP_COOLING_F OP4(5),50,deg,20,99,Passed,0.0001716
7.4.8 Power Test FSEVBLV_Voltage OP4(5),9,V,9,12,Passed,0.0004301
7.4.9 Power Test FSEVBHV_Voltage OP4(5),390,V,360,410,Passed,0.0001928
7.4.10 Power Test FTEABHV_UbatHV OP4(5),389,V,360,410,Passed,0.0020649
7.4.11 Power Test SAEABHV_Voltage OP4(5),390,V,360,410,Passed,0.0012782
7.8.1 Power Test U Current OP8(5),417.598621701404,A,400,500,Passed,0.1805229
7.8.2 Power Test V Current OP8(5),422.497590973266,A,400,500,Passed,0.1755869
7.8.3 Power Test W Current OP8(5),423.085981489896,A,400,500,Passed,0.3219538
7.8.4 Power Test F_TEMP_MEAS_CTL  OP8(5),35,deg,20,99,Passed,0.0001638
7.8.5 Power Test F_TEMP_MEAS_MOD OP8(5),74,deg,20,99,Passed,0.0001564
7.8.6 Power Test F_TEMP_MEAS_DRV OP8(5),43,deg,20,99,Passed,0.0001607
7.8.7 Power Test AN_CTP_COOLING_F OP8(5),49,deg,20,99,Passed,0.0006645
7.8.8 Power Test FSEVBLV_Voltage OP8(5),15,V,14,17,Passed,0.0002232
7.8.9 Power Test FSEVBHV_Voltage OP8(5),393,V,360,410,Passed,0.0001811
7.8.10 Power Test FTEABHV_UbatHV OP8(5),391,V,360,410,Passed,0.0001984
7.8.11 Power Test SAEABHV_Voltage OP8(5),393,V,360,410,Passed,0.0001808
7.4.1 Power Test U Current OP4(6),418.377491392802,A,400,500,Passed,0.1780868
7.4.2 Power Test V Current OP4(6),423.048359540944,A,400,500,Passed,0.3210089
7.4.3 Power Test W Current OP4(6),423.700348515868,A,400,500,Passed,0.3210099
7.4.4 Power Test F_TEMP_MEAS_CTL  OP4(6),36,deg,20,99,Passed,0.000179
7.4.5 Power Test F_TEMP_MEAS_MOD OP4(6),74,deg,20,99,Passed,0.0001988
7.4.6 Power Test F_TEMP_MEAS_DRV OP4(6),44,deg,20,99,Passed,0.0002475
7.4.7 Power Test AN_CTP_COOLING_F OP4(6),49,deg,20,99,Passed,0.0002253
7.4.8 Power Test FSEVBLV_Voltage OP4(6),9,V,9,12,Passed,0.0002246
7.4.9 Power Test FSEVBHV_Voltage OP4(6),393,V,360,410,Passed,0.0001532
7.4.10 Power Test FTEABHV_UbatHV OP4(6),391,V,360,410,Passed,0.0030932
7.4.11 Power Test SAEABHV_Voltage OP4(6),393,V,360,410,Passed,0.0005353
7.8.1 Power Test U Current OP8(6),419.51740511779,A,400,500,Passed,0.1817616
7.8.2 Power Test V Current OP8(6),421.14842388757,A,400,500,Passed,0.3269594
7.8.3 Power Test W Current OP8(6),422.568564427193,A,400,500,Passed,0.3365299
7.8.4 Power Test F_TEMP_MEAS_CTL  OP8(6),37,deg,20,99,Passed,0.0002013
7.8.5 Power Test F_TEMP_MEAS_MOD OP8(6),73,deg,20,99,Passed,0.0001709
7.8.6 Power Test F_TEMP_MEAS_DRV OP8(6),46,deg,20,99,Passed,0.0001917
7.8.7 Power Test AN_CTP_COOLING_F OP8(6),49,deg,20,99,Passed,0.0001624
7.8.8 Power Test FSEVBLV_Voltage OP8(6),15,V,14,17,Passed,0.0002521
7.8.9 Power Test FSEVBHV_Voltage OP8(6),391,V,360,410,Passed,0.0013859
7.8.10 Power Test FTEABHV_UbatHV OP8(6),389,V,360,410,Passed,0.0001896
7.8.11 Power Test SAEABHV_Voltage OP8(6),391,V,360,410,Passed,0.0001843
7.4.1 Power Test U Current OP4(7),417.627372737436,A,400,500,Passed,0.1808587
7.4.2 Power Test V Current OP4(7),422.308557710864,A,400,500,Passed,0.1771017
7.4.3 Power Test W Current OP4(7),423.562989872413,A,400,500,Passed,0.3216437
7.4.4 Power Test F_TEMP_MEAS_CTL  OP4(7),38,deg,20,99,Passed,0.0002048
7.4.5 Power Test F_TEMP_MEAS_MOD OP4(7),73,deg,20,99,Passed,0.0001691
7.4.6 Power Test F_TEMP_MEAS_DRV OP4(7),48,deg,20,99,Passed,0.0005561
7.4.7 Power Test AN_CTP_COOLING_F OP4(7),49,deg,20,99,Passed,0.000179
7.4.8 Power Test FSEVBLV_Voltage OP4(7),9,V,9,12,Passed,0.0001787
7.4.9 Power Test FSEVBHV_Voltage OP4(7),391,V,360,410,Passed,0.0001907
7.4.10 Power Test FTEABHV_UbatHV OP4(7),388,V,360,410,Passed,0.000178
7.4.11 Power Test SAEABHV_Voltage OP4(7),391,V,360,410,Passed,0.0002472
7.8.1 Power Test U Current OP8(7),417.470167794193,A,400,500,Passed,0.1814417
7.8.2 Power Test V Current OP8(7),423.078049491125,A,400,500,Passed,0.174345
7.8.3 Power Test W Current OP8(7),424.122673995174,A,400,500,Passed,0.3213447
7.8.4 Power Test F_TEMP_MEAS_CTL  OP8(7),39,deg,20,99,Passed,0.0001804
7.8.5 Power Test F_TEMP_MEAS_MOD OP8(7),72,deg,20,99,Passed,0.0004703
7.8.6 Power Test F_TEMP_MEAS_DRV OP8(7),49,deg,20,99,Passed,0.0002313
7.8.7 Power Test AN_CTP_COOLING_F OP8(7),49,deg,20,99,Passed,0.0001773
7.8.8 Power Test FSEVBLV_Voltage OP8(7),15,V,14,17,Passed,0.0001815
7.8.9 Power Test FSEVBHV_Voltage OP8(7),390,V,360,410,Passed,0.0001748
7.8.10 Power Test FTEABHV_UbatHV OP8(7),388,V,360,410,Passed,0.0001833
7.8.11 Power Test SAEABHV_Voltage OP8(7),390,V,360,410,Passed,0.0004979
7.4.1 Power Test U Current OP4(8),418.263935764421,A,400,500,Passed,0.1821225
7.4.2 Power Test V Current OP4(8),423.320064853818,A,400,500,Passed,0.3181074
7.4.3 Power Test W Current OP4(8),423.187813963819,A,400,500,Passed,0.3148666
7.4.4 Power Test F_TEMP_MEAS_CTL  OP4(8),40,deg,20,99,Passed,0.0001914
7.4.5 Power Test F_TEMP_MEAS_MOD OP4(8),72,deg,20,99,Passed,0.0005237
7.4.6 Power Test F_TEMP_MEAS_DRV OP4(8),51,deg,20,99,Passed,0.0004378
7.4.7 Power Test AN_CTP_COOLING_F OP4(8),49,deg,20,99,Passed,0.0001861
7.4.8 Power Test FSEVBLV_Voltage OP4(8),9,V,9,12,Passed,0.0001737
7.4.9 Power Test FSEVBHV_Voltage OP4(8),391,V,360,410,Passed,0.0002193
7.4.10 Power Test FTEABHV_UbatHV OP4(8),389,V,360,410,Passed,0.0002348
7.4.11 Power Test SAEABHV_Voltage OP4(8),391,V,360,410,Passed,0.000215
7.8.1 Power Test U Current OP8(8),420.873190019972,A,400,500,Passed,0.1867015
7.8.2 Power Test V Current OP8(8),422.740386928125,A,400,500,Passed,0.3245526
7.8.3 Power Test W Current OP8(8),422.995340291793,A,400,500,Passed,0.3348636
7.8.4 Power Test F_TEMP_MEAS_CTL  OP8(8),41,deg,20,99,Passed,0.0002828
7.8.5 Power Test F_TEMP_MEAS_MOD OP8(8),71,deg,20,99,Passed,0.0002066
7.8.6 Power Test F_TEMP_MEAS_DRV OP8(8),52,deg,20,99,Passed,0.0003107
7.8.7 Power Test AN_CTP_COOLING_F OP8(8),49,deg,20,99,Passed,0.0001857
7.8.8 Power Test FSEVBLV_Voltage OP8(8),15,V,14,17,Passed,0.0002334
7.8.9 Power Test FSEVBHV_Voltage OP8(8),391,V,360,410,Passed,0.0002645
7.8.10 Power Test FTEABHV_UbatHV OP8(8),389,V,360,410,Passed,0.0002634
7.8.11 Power Test SAEABHV_Voltage OP8(8),391,V,360,410,Passed,0.000334
7.4.1 Power Test U Current OP4(9),421.16368162125,A,400,500,Passed,0.205197
7.4.2 Power Test V Current OP4(9),422.469774317077,A,400,500,Passed,0.1866086
7.4.3 Power Test W Current OP4(9),423.199026406186,A,400,500,Passed,0.3224347
7.4.4 Power Test F_TEMP_MEAS_CTL  OP4(9),42,deg,20,99,Passed,0.000166
7.4.5 Power Test F_TEMP_MEAS_MOD OP4(9),72,deg,20,99,Passed,0.0002221
7.4.6 Power Test F_TEMP_MEAS_DRV OP4(9),53,deg,20,99,Passed,0.0002338
7.4.7 Power Test AN_CTP_COOLING_F OP4(9),49,deg,20,99,Passed,0.0001776
7.4.8 Power Test FSEVBLV_Voltage OP4(9),9,V,9,12,Passed,0.0004273
7.4.9 Power Test FSEVBHV_Voltage OP4(9),391,V,360,410,Passed,0.0001808
7.4.10 Power Test FTEABHV_UbatHV OP4(9),389,V,360,410,Passed,0.0003792
7.4.11 Power Test SAEABHV_Voltage OP4(9),391,V,360,410,Passed,0.0002027
7.8.1 Power Test U Current OP8(9),417.538843567443,A,400,500,Passed,0.2135518
7.8.2 Power Test V Current OP8(9),423.536510273275,A,400,500,Passed,0.3200046
7.8.3 Power Test W Current OP8(9),422.590905569646,A,400,500,Passed,0.3181067
7.8.4 Power Test F_TEMP_MEAS_CTL  OP8(9),43,deg,20,99,Passed,0.0004103
7.8.5 Power Test F_TEMP_MEAS_MOD OP8(9),73,deg,20,99,Passed,0.0001554
7.8.6 Power Test F_TEMP_MEAS_DRV OP8(9),55,deg,20,99,Passed,0.0002715
7.8.7 Power Test AN_CTP_COOLING_F OP8(9),49,deg,20,99,Passed,0.0002472
7.8.8 Power Test FSEVBLV_Voltage OP8(9),15,V,14,17,Passed,0.0001391
7.8.9 Power Test FSEVBHV_Voltage OP8(9),391,V,360,410,Passed,0.0002535
7.8.10 Power Test FTEABHV_UbatHV OP8(9),389,V,360,410,Passed,0.0002203
7.8.11 Power Test SAEABHV_Voltage OP8(9),391,V,360,410,Passed,0.0002391
7.4.1 Power Test U Current OP4(10),419.257057986008,A,400,500,Passed,0.2238123
7.4.2 Power Test V Current OP4(10),422.523873254215,A,400,500,Passed,0.1752144
7.4.3 Power Test W Current OP4(10),421.314368774939,A,400,500,Passed,0.3210781
7.4.4 Power Test F_TEMP_MEAS_CTL  OP4(10),44,deg,20,99,Passed,0.0001554
7.4.5 Power Test F_TEMP_MEAS_MOD OP4(10),73,deg,20,99,Passed,0.0004131
7.4.6 Power Test F_TEMP_MEAS_DRV OP4(10),56,deg,20,99,Passed,0.0001653
7.4.7 Power Test AN_CTP_COOLING_F OP4(10),50,deg,20,99,Passed,0.000197
7.4.8 Power Test FSEVBLV_Voltage OP4(10),9,V,9,12,Passed,0.0004089
7.4.9 Power Test FSEVBHV_Voltage OP4(10),391,V,360,410,Passed,0.0002546
7.4.10 Power Test FTEABHV_UbatHV OP4(10),388,V,360,410,Passed,0.0005893
7.4.11 Power Test SAEABHV_Voltage OP4(10),391,V,360,410,Passed,0.0002387
7.8.1 Power Test U Current OP8(10),419.319629014218,A,400,500,Passed,0.2048764
7.8.2 Power Test V Current OP8(10),423.210049104149,A,400,500,Passed,0.176791
7.8.3 Power Test W Current OP8(10),422.579415452756,A,400,500,Passed,0.3203291
7.8.4 Power Test F_TEMP_MEAS_CTL  OP8(10),44,deg,20,99,Passed,0.0001833
7.8.5 Power Test F_TEMP_MEAS_MOD OP8(10),74,deg,20,99,Passed,0.0001709
7.8.6 Power Test F_TEMP_MEAS_DRV OP8(10),57,deg,20,99,Passed,0.0002341
7.8.7 Power Test AN_CTP_COOLING_F OP8(10),50,deg,20,99,Passed,0.0001879
7.8.8 Power Test FSEVBLV_Voltage OP8(10),15,V,14,17,Passed,0.0001762
7.8.9 Power Test FSEVBHV_Voltage OP8(10),391,V,360,410,Passed,0.000184
7.8.10 Power Test FTEABHV_UbatHV OP8(10),389,V,360,410,Passed,0.0001956
7.8.11 Power Test SAEABHV_Voltage OP8(10),391,V,360,410,Passed,0.0002097
7.4.1 Power Test U Current OP4(11),421.073439186131,A,400,500,Passed,0.2253698
7.4.2 Power Test V Current OP4(11),422.260789119951,A,400,500,Passed,0.1776123
7.4.3 Power Test W Current OP4(11),423.706193965798,A,400,500,Passed,0.3241299
7.4.4 Power Test F_TEMP_MEAS_CTL  OP4(11),45,deg,20,99,Passed,0.0004107
7.4.5 Power Test F_TEMP_MEAS_MOD OP4(11),75,deg,20,99,Passed,0.0001967
7.4.6 Power Test F_TEMP_MEAS_DRV OP4(11),58,deg,20,99,Passed,0.0002701
7.4.7 Power Test AN_CTP_COOLING_F OP4(11),51,deg,20,99,Passed,0.0001984
7.4.8 Power Test FSEVBLV_Voltage OP4(11),9,V,9,12,Passed,0.0001744
7.4.9 Power Test FSEVBHV_Voltage OP4(11),393,V,360,410,Passed,0.0001822
7.4.10 Power Test FTEABHV_UbatHV OP4(11),389,V,360,410,Passed,0.0005233
7.4.11 Power Test SAEABHV_Voltage OP4(11),393,V,360,410,Passed,0.0034894
7.8.1 Power Test U Current OP8(11),419.821852006067,A,400,500,Passed,0.1784163
7.8.2 Power Test V Current OP8(11),424.658985614286,A,400,500,Passed,0.1761116
7.8.3 Power Test W Current OP8(11),423.688251512907,A,400,500,Passed,0.3217634
7.8.4 Power Test F_TEMP_MEAS_CTL  OP8(11),46,deg,20,99,Passed,0.0001773
7.8.5 Power Test F_TEMP_MEAS_MOD OP8(11),75,deg,20,99,Passed,0.0001713
7.8.6 Power Test F_TEMP_MEAS_DRV OP8(11),59,deg,20,99,Passed,0.0002376
7.8.7 Power Test AN_CTP_COOLING_F OP8(11),51,deg,20,99,Passed,0.0001773
7.8.8 Power Test FSEVBLV_Voltage OP8(11),15,V,14,17,Passed,0.0001656
7.8.9 Power Test FSEVBHV_Voltage OP8(11),391,V,360,410,Passed,0.0004382
7.8.10 Power Test FTEABHV_UbatHV OP8(11),389,V,360,410,Passed,0.0002157
7.8.11 Power Test SAEABHV_Voltage OP8(11),391,V,360,410,Passed,0.0001967
7.4.1 Power Test U Current OP4(12),420.293948526207,A,400,500,Passed,0.2480959
7.4.2 Power Test V Current OP4(12),421.457725016069,A,400,500,Passed,0.1938917
7.4.3 Power Test W Current OP4(12),423.62695455505,A,400,500,Passed,0.3230643
7.4.4 Power Test F_TEMP_MEAS_CTL  OP4(12),47,deg,20,99,Passed,0.0001737
7.4.5 Power Test F_TEMP_MEAS_MOD OP4(12),76,deg,20,99,Passed,0.0001769
7.4.6 Power Test F_TEMP_MEAS_DRV OP4(12),60,deg,20,99,Passed,0.0002546
7.4.7 Power Test AN_CTP_COOLING_F OP4(12),52,deg,20,99,Passed,0.0001734
7.4.8 Power Test FSEVBLV_Voltage OP4(12),9,V,9,12,Passed,0.0002097
7.4.9 Power Test FSEVBHV_Voltage OP4(12),391,V,360,410,Passed,0.0001896
7.4.10 Power Test FTEABHV_UbatHV OP4(12),389,V,360,410,Passed,0.0001974
7.4.11 Power Test SAEABHV_Voltage OP4(12),391,V,360,410,Passed,0.0002246
7.8.1 Power Test U Current OP8(12),417.382016771542,A,400,500,Passed,0.1902188
7.8.2 Power Test V Current OP8(12),425.945543884585,A,400,500,Passed,0.1830119
7.8.3 Power Test W Current OP8(12),422.689050558817,A,400,500,Passed,0.3237722
7.8.4 Power Test F_TEMP_MEAS_CTL  OP8(12),48,deg,20,99,Passed,0.0001628
7.8.5 Power Test F_TEMP_MEAS_MOD OP8(12),76,deg,20,99,Passed,0.0002334
7.8.6 Power Test F_TEMP_MEAS_DRV OP8(12),62,deg,20,99,Passed,0.0002701
7.8.7 Power Test AN_CTP_COOLING_F OP8(12),52,deg,20,99,Passed,0.0002069
7.8.8 Power Test FSEVBLV_Voltage OP8(12),15,V,14,17,Passed,0.000279
7.8.9 Power Test FSEVBHV_Voltage OP8(12),392,V,360,410,Passed,0.0002595
7.8.10 Power Test FTEABHV_UbatHV OP8(12),390,V,360,410,Passed,0.0002634
7.8.11 Power Test SAEABHV_Voltage OP8(12),392,V,360,410,Passed,0.000209
7.4.1 Power Test U Current OP4(13),419.517296349706,A,400,500,Passed,0.1732776
7.4.2 Power Test V Current OP4(13),423.352046484164,A,400,500,Passed,0.1746437
7.4.3 Power Test W Current OP4(13),424.430400165031,A,400,500,Passed,0.317886
7.4.4 Power Test F_TEMP_MEAS_CTL  OP4(13),49,deg,20,99,Passed,0.0001723
7.4.5 Power Test F_TEMP_MEAS_MOD OP4(13),77,deg,20,99,Passed,0.0001663
7.4.6 Power Test F_TEMP_MEAS_DRV OP4(13),63,deg,20,99,Passed,0.0001741
7.4.7 Power Test AN_CTP_COOLING_F OP4(13),53,deg,20,99,Passed,0.001697
7.4.8 Power Test FSEVBLV_Voltage OP4(13),9,V,9,12,Passed,0.0004509
7.4.9 Power Test FSEVBHV_Voltage OP4(13),391,V,360,410,Passed,0.0001879
7.4.10 Power Test FTEABHV_UbatHV OP4(13),389,V,360,410,Passed,0.0001988
7.4.11 Power Test SAEABHV_Voltage OP4(13),391,V,360,410,Passed,0.0002468
7.8.1 Power Test U Current OP8(13),420.82061901248,A,400,500,Passed,0.225986
7.8.2 Power Test V Current OP8(13),422.955303792473,A,400,500,Passed,0.1778916
7.8.3 Power Test W Current OP8(13),424.171519449914,A,400,500,Passed,0.3238114
7.8.4 Power Test F_TEMP_MEAS_CTL  OP8(13),49,deg,20,99,Passed,0.0002002
7.8.5 Power Test F_TEMP_MEAS_MOD OP8(13),77,deg,20,99,Passed,0.0002496
7.8.6 Power Test F_TEMP_MEAS_DRV OP8(13),64,deg,20,99,Passed,0.0001656
7.8.7 Power Test AN_CTP_COOLING_F OP8(13),53,deg,20,99,Passed,0.0004513
7.8.8 Power Test FSEVBLV_Voltage OP8(13),15,V,14,17,Passed,0.0002309
7.8.9 Power Test FSEVBHV_Voltage OP8(13),391,V,360,410,Passed,0.000215
7.8.10 Power Test FTEABHV_UbatHV OP8(13),388,V,360,410,Passed,0.0002422
7.8.11 Power Test SAEABHV_Voltage OP8(13),391,V,360,410,Passed,0.0005378
7.4.1 Power Test U Current OP4(14),418.872224546519,A,400,500,Passed,0.1827796
7.4.2 Power Test V Current OP4(14),423.273096665618,A,400,500,Passed,0.1769177
7.4.3 Power Test W Current OP4(14),422.653131153635,A,400,500,Passed,0.3218542
7.4.4 Power Test F_TEMP_MEAS_CTL  OP4(14),50,deg,20,99,Passed,0.0001709
7.4.5 Power Test F_TEMP_MEAS_MOD OP4(14),78,deg,20,99,Passed,0.0006476
7.4.6 Power Test F_TEMP_MEAS_DRV OP4(14),64,deg,20,99,Passed,0.0001638
7.4.7 Power Test AN_CTP_COOLING_F OP4(14),54,deg,20,99,Passed,0.0001656
7.4.8 Power Test FSEVBLV_Voltage OP4(14),9,V,9,12,Passed,0.0001653
7.4.9 Power Test FSEVBHV_Voltage OP4(14),392,V,360,410,Passed,0.0015561
7.4.10 Power Test FTEABHV_UbatHV OP4(14),390,V,360,410,Passed,0.0001935
7.4.11 Power Test SAEABHV_Voltage OP4(14),392,V,360,410,Passed,0.000209
7.8.1 Power Test U Current OP8(14),420.020121288323,A,400,500,Passed,0.1688931
7.8.2 Power Test V Current OP8(14),422.852788010796,A,400,500,Passed,0.1735841
7.8.3 Power Test W Current OP8(14),423.085000452617,A,400,500,Passed,0.3231575
7.8.4 Power Test F_TEMP_MEAS_CTL  OP8(14),51,deg,20,99,Passed,0.0001776
7.8.5 Power Test F_TEMP_MEAS_MOD OP8(14),78,deg,20,99,Passed,0.0001638
7.8.6 Power Test F_TEMP_MEAS_DRV OP8(14),65,deg,20,99,Passed,0.0010131
7.8.7 Power Test AN_CTP_COOLING_F OP8(14),54,deg,20,99,Passed,0.000233
7.8.8 Power Test FSEVBLV_Voltage OP8(14),15,V,14,17,Passed,0.0001709
7.8.9 Power Test FSEVBHV_Voltage OP8(14),391,V,360,410,Passed,0.0002122
7.8.10 Power Test FTEABHV_UbatHV OP8(14),389,V,360,410,Passed,0.0002253
7.8.11 Power Test SAEABHV_Voltage OP8(14),391,V,360,410,Passed,0.0002041
7.4.1 Power Test U Current OP4(15),421.405604289726,A,400,500,Passed,0.2256767
7.4.2 Power Test V Current OP4(15),423.565899985266,A,400,500,Passed,0.1866902
7.4.3 Power Test W Current OP4(15),421.866851846975,A,400,500,Passed,0.3199859
7.4.4 Power Test F_TEMP_MEAS_CTL  OP4(15),51,deg,20,99,Passed,0.0001702
7.4.5 Power Test F_TEMP_MEAS_MOD OP4(15),78,deg,20,99,Passed,0.0003499
7.4.6 Power Test F_TEMP_MEAS_DRV OP4(15),66,deg,20,99,Passed,0.0002313
7.4.7 Power Test AN_CTP_COOLING_F OP4(15),55,deg,20,99,Passed,0.0001811
7.4.8 Power Test FSEVBLV_Voltage OP4(15),9,V,9,12,Passed,0.00016
7.4.9 Power Test FSEVBHV_Voltage OP4(15),391,V,360,410,Passed,0.0002182
7.4.10 Power Test FTEABHV_UbatHV OP4(15),388,V,360,410,Passed,0.0002189
7.4.11 Power Test SAEABHV_Voltage OP4(15),391,V,360,410,Passed,0.0002818
7.8.1 Power Test U Current OP8(15),421.211859377457,A,400,500,Passed,0.175624
7.8.2 Power Test V Current OP8(15),424.547153590545,A,400,500,Passed,0.188889
7.8.3 Power Test W Current OP8(15),422.925089564844,A,400,500,Passed,0.3273248
7.8.4 Power Test F_TEMP_MEAS_CTL  OP8(15),52,deg,20,99,Passed,0.0002203
7.8.5 Power Test F_TEMP_MEAS_MOD OP8(15),76,deg,20,99,Passed,0.0001766
7.8.6 Power Test F_TEMP_MEAS_DRV OP8(15),67,deg,20,99,Passed,0.0001691
7.8.7 Power Test AN_CTP_COOLING_F OP8(15),55,deg,20,99,Passed,0.0002948
7.8.8 Power Test FSEVBLV_Voltage OP8(15),15,V,14,17,Passed,0.0002034
7.8.9 Power Test FSEVBHV_Voltage OP8(15),392,V,360,410,Passed,0.0002083
7.8.10 Power Test FTEABHV_UbatHV OP8(15),390,V,360,410,Passed,0.0002532
7.8.11 Power Test SAEABHV_Voltage OP8(15),392,V,360,410,Passed,0.0002853
7.4.1 Power Test U Current OP4(16),420.383477419055,A,400,500,Passed,0.1749541
7.4.2 Power Test V Current OP4(16),424.335896578159,A,400,500,Passed,0.1753379
7.4.3 Power Test W Current OP4(16),424.751202361302,A,400,500,Passed,0.3187303
7.4.4 Power Test F_TEMP_MEAS_CTL  OP4(16),53,deg,20,99,Passed,0.0001907
7.4.5 Power Test F_TEMP_MEAS_MOD OP4(16),74,deg,20,99,Passed,0.0001645
7.4.6 Power Test F_TEMP_MEAS_DRV OP4(16),68,deg,20,99,Passed,0.0001691
7.4.7 Power Test AN_CTP_COOLING_F OP4(16),54,deg,20,99,Passed,0.000815
7.4.8 Power Test FSEVBLV_Voltage OP4(16),9,V,9,12,Passed,0.0001801
7.4.9 Power Test FSEVBHV_Voltage OP4(16),390,V,360,410,Passed,0.0005205
7.4.10 Power Test FTEABHV_UbatHV OP4(16),388,V,360,410,Passed,0.0001921
7.4.11 Power Test SAEABHV_Voltage OP4(16),390,V,360,410,Passed,0.0003997
7.8.1 Power Test U Current OP8(16),422.185460717678,A,400,500,Passed,0.1806278
7.8.2 Power Test V Current OP8(16),423.490552199024,A,400,500,Passed,0.1770869
7.8.3 Power Test W Current OP8(16),425.821626245375,A,400,500,Passed,0.3236246
7.8.4 Power Test F_TEMP_MEAS_CTL  OP8(16),53,deg,20,99,Passed,0.0001727
7.8.5 Power Test F_TEMP_MEAS_MOD OP8(16),73,deg,20,99,Passed,0.0002383
7.8.6 Power Test F_TEMP_MEAS_DRV OP8(16),69,deg,20,99,Passed,0.0005625
7.8.7 Power Test AN_CTP_COOLING_F OP8(16),53,deg,20,99,Passed,0.0001776
7.8.8 Power Test FSEVBLV_Voltage OP8(16),15,V,14,17,Passed,0.0001713
7.8.9 Power Test FSEVBHV_Voltage OP8(16),390,V,360,410,Passed,0.0001981
7.8.10 Power Test FTEABHV_UbatHV OP8(16),388,V,360,410,Passed,0.0025702
7.8.11 Power Test SAEABHV_Voltage OP8(16),390,V,360,410,Passed,0.0002578
7.4.1 Power Test U Current OP4(17),421.907310135526,A,400,500,Passed,0.2079428
7.4.2 Power Test V Current OP4(17),423.736903960729,A,400,500,Passed,0.1776236
7.4.3 Power Test W Current OP4(17),423.045499532173,A,400,500,Passed,0.3203627
7.4.4 Power Test F_TEMP_MEAS_CTL  OP4(17),54,deg,20,99,Passed,0.0001755
7.4.5 Power Test F_TEMP_MEAS_MOD OP4(17),73,deg,20,99,Passed,0.0006455
7.4.6 Power Test F_TEMP_MEAS_DRV OP4(17),70,deg,20,99,Passed,0.0001769
7.4.7 Power Test AN_CTP_COOLING_F OP4(17),53,deg,20,99,Passed,0.0001787
7.4.8 Power Test FSEVBLV_Voltage OP4(17),9,V,9,12,Passed,0.0001921
7.4.9 Power Test FSEVBHV_Voltage OP4(17),391,V,360,410,Passed,0.0001995
7.4.10 Power Test FTEABHV_UbatHV OP4(17),390,V,360,410,Passed,0.0001988
7.4.11 Power Test SAEABHV_Voltage OP4(17),391,V,360,410,Passed,0.0002186
7.8.1 Power Test U Current OP8(17),420.079065715105,A,400,500,Passed,0.1797044
7.8.2 Power Test V Current OP8(17),424.846183021585,A,400,500,Passed,0.1743351
7.8.3 Power Test W Current OP8(17),425.568140583758,A,400,500,Passed,0.3183645
7.8.4 Power Test F_TEMP_MEAS_CTL  OP8(17),55,deg,20,99,Passed,0.0001734
7.8.5 Power Test F_TEMP_MEAS_MOD OP8(17),72,deg,20,99,Passed,0.0001702
7.8.6 Power Test F_TEMP_MEAS_DRV OP8(17),70,deg,20,99,Passed,0.0001645
7.8.7 Power Test AN_CTP_COOLING_F OP8(17),53,deg,20,99,Passed,0.0001917
7.8.8 Power Test FSEVBLV_Voltage OP8(17),15,V,14,17,Passed,0.0001705
7.8.9 Power Test FSEVBHV_Voltage OP8(17),390,V,360,410,Passed,0.0002232
7.8.10 Power Test FTEABHV_UbatHV OP8(17),388,V,360,410,Passed,0.0002041
7.8.11 Power Test SAEABHV_Voltage OP8(17),390,V,360,410,Passed,0.0001875
7.4.1 Power Test U Current OP4(18),420.273058586394,A,400,500,Passed,0.1876129
7.4.2 Power Test V Current OP4(18),425.910951764871,A,400,500,Passed,0.1752719
7.4.3 Power Test W Current OP4(18),425.324376114481,A,400,500,Passed,0.3253178
7.4.4 Power Test F_TEMP_MEAS_CTL  OP4(18),55,deg,20,99,Passed,0.0001811
7.4.5 Power Test F_TEMP_MEAS_MOD OP4(18),72,deg,20,99,Passed,0.0001776
7.4.6 Power Test F_TEMP_MEAS_DRV OP4(18),71,deg,20,99,Passed,0.0003753
7.4.7 Power Test AN_CTP_COOLING_F OP4(18),52,deg,20,99,Passed,0.0004061
7.4.8 Power Test FSEVBLV_Voltage OP4(18),9,V,9,12,Passed,0.0001801
7.4.9 Power Test FSEVBHV_Voltage OP4(18),391,V,360,410,Passed,0.000196
7.4.10 Power Test FTEABHV_UbatHV OP4(18),389,V,360,410,Passed,0.0002475
7.4.11 Power Test SAEABHV_Voltage OP4(18),391,V,360,410,Passed,0.0002447
7.8.1 Power Test U Current OP8(18),421.298762282841,A,400,500,Passed,0.1862471
7.8.2 Power Test V Current OP8(18),425.267130855368,A,400,500,Passed,0.1841814
7.8.3 Power Test W Current OP8(18),425.17917239571,A,400,500,Passed,0.2123612
7.8.4 Power Test F_TEMP_MEAS_CTL  OP8(18),56,deg,20,99,Passed,0.000815
7.8.5 Power Test F_TEMP_MEAS_MOD OP8(18),72,deg,20,99,Passed,0.0116203
7.8.6 Power Test F_TEMP_MEAS_DRV OP8(18),72,deg,20,99,Passed,0.0002112
7.8.7 Power Test AN_CTP_COOLING_F OP8(18),52,deg,20,99,Passed,0.0004096
7.8.8 Power Test FSEVBLV_Voltage OP8(18),15,V,14,17,Passed,0.0002285
7.8.9 Power Test FSEVBHV_Voltage OP8(18),392,V,360,410,Passed,0.0002207
7.8.10 Power Test FTEABHV_UbatHV OP8(18),390,V,360,410,Passed,0.0006151
7.8.11 Power Test SAEABHV_Voltage OP8(18),392,V,360,410,Passed,0.0002419
7.4.1 Power Test U Current OP4(19),421.735565564445,A,400,500,Passed,0.1790847
7.4.2 Power Test V Current OP4(19),425.089404357257,A,400,500,Passed,0.1737281
7.4.3 Power Test W Current OP4(19),424.48317526241,A,400,500,Passed,0.1734993
7.4.4 Power Test F_TEMP_MEAS_CTL  OP4(19),56,deg,20,99,Passed,0.0002313
7.4.5 Power Test F_TEMP_MEAS_MOD OP4(19),74,deg,20,99,Passed,0.00016
7.4.6 Power Test F_TEMP_MEAS_DRV OP4(19),72,deg,20,99,Passed,0.0001727
7.4.7 Power Test AN_CTP_COOLING_F OP4(19),52,deg,20,99,Passed,0.000173
7.4.8 Power Test FSEVBLV_Voltage OP4(19),9,V,9,12,Passed,0.0001935
7.4.9 Power Test FSEVBHV_Voltage OP4(19),391,V,360,410,Passed,0.0001776
7.4.10 Power Test FTEABHV_UbatHV OP4(19),389,V,360,410,Passed,0.0001875
7.4.11 Power Test SAEABHV_Voltage OP4(19),391,V,360,410,Passed,0.0003944
7.8.1 Power Test U Current OP8(19),423.37362692493,A,400,500,Passed,0.1838594
7.8.2 Power Test V Current OP8(19),425.019254661741,A,400,500,Passed,0.1778393
7.8.3 Power Test W Current OP8(19),426.365250072561,A,400,500,Passed,0.1760106
7.8.4 Power Test F_TEMP_MEAS_CTL  OP8(19),57,deg,20,99,Passed,0.0001607
7.8.5 Power Test F_TEMP_MEAS_MOD OP8(19),75,deg,20,99,Passed,0.0001547
7.8.6 Power Test F_TEMP_MEAS_DRV OP8(19),73,deg,20,99,Passed,0.0002941
7.8.7 Power Test AN_CTP_COOLING_F OP8(19),53,deg,20,99,Passed,0.0001744
7.8.8 Power Test FSEVBLV_Voltage OP8(19),15,V,14,17,Passed,0.0001695
7.8.9 Power Test FSEVBHV_Voltage OP8(19),392,V,360,410,Passed,0.0002186
7.8.10 Power Test FTEABHV_UbatHV OP8(19),390,V,360,410,Passed,0.0002175
7.8.11 Power Test SAEABHV_Voltage OP8(19),392,V,360,410,Passed,0.000221
7.4.1 Power Test U Current OP4(20),419.907808471375,A,400,500,Passed,0.1882082
7.4.2 Power Test V Current OP4(20),425.276906463199,A,400,500,Passed,0.1760032
7.4.3 Power Test W Current OP4(20),425.225286206461,A,400,500,Passed,0.1738457
7.4.4 Power Test F_TEMP_MEAS_CTL  OP4(20),57,deg,20,99,Passed,0.0001773
7.4.5 Power Test F_TEMP_MEAS_MOD OP4(20),76,deg,20,99,Passed,0.0001469
7.4.6 Power Test F_TEMP_MEAS_DRV OP4(20),73,deg,20,99,Passed,0.0002281
7.4.7 Power Test AN_CTP_COOLING_F OP4(20),53,deg,20,99,Passed,0.0002528
7.4.8 Power Test FSEVBLV_Voltage OP4(20),9,V,9,12,Passed,0.0001578
7.4.9 Power Test FSEVBHV_Voltage OP4(20),392,V,360,410,Passed,0.0001854
7.4.10 Power Test FTEABHV_UbatHV OP4(20),389,V,360,410,Passed,0.0002281
7.4.11 Power Test SAEABHV_Voltage OP4(20),392,V,360,410,Passed,0.0005392
7.8.1 Power Test U Current OP8(20),422.259342211961,A,400,500,Passed,0.1799551
7.8.2 Power Test V Current OP8(20),425.313300157924,A,400,500,Passed,0.1756988
7.8.3 Power Test W Current OP8(20),424.614620572769,A,400,500,Passed,0.1772563
7.8.4 Power Test F_TEMP_MEAS_CTL  OP8(20),57,deg,20,99,Passed,0.0001804
7.8.5 Power Test F_TEMP_MEAS_MOD OP8(20),76,deg,20,99,Passed,0.0002006
7.8.6 Power Test F_TEMP_MEAS_DRV OP8(20),74,deg,20,99,Passed,0.0001896
7.8.7 Power Test AN_CTP_COOLING_F OP8(20),54,deg,20,99,Passed,0.000191
7.8.8 Power Test FSEVBLV_Voltage OP8(20),15,V,14,17,Passed,0.0002556
7.8.9 Power Test FSEVBHV_Voltage OP8(20),391,V,360,410,Passed,0.0001956
7.8.10 Power Test FTEABHV_UbatHV OP8(20),388,V,360,410,Passed,0.0002426
7.8.11 Power Test SAEABHV_Voltage OP8(20),391,V,360,410,Passed,0.0002927
7.4.1 Power Test U Current OP4(21),421.828843746782,A,400,500,Passed,0.1844335
7.4.2 Power Test V Current OP4(21),424.787399147539,A,400,500,Passed,0.1791147
7.4.3 Power Test W Current OP4(21),424.413485488212,A,400,500,Passed,0.1773898
7.4.4 Power Test F_TEMP_MEAS_CTL  OP4(21),58,deg,20,99,Passed,0.0001596
7.4.5 Power Test F_TEMP_MEAS_MOD OP4(21),76,deg,20,99,Passed,0.0001568
7.4.6 Power Test F_TEMP_MEAS_DRV OP4(21),74,deg,20,99,Passed,0.0001667
7.4.7 Power Test AN_CTP_COOLING_F OP4(21),54,deg,20,99,Passed,0.0002281
7.4.8 Power Test FSEVBLV_Voltage OP4(21),9,V,9,12,Passed,0.0001924
7.4.9 Power Test FSEVBHV_Voltage OP4(21),393,V,360,410,Passed,0.0001984
7.4.10 Power Test FTEABHV_UbatHV OP4(21),389,V,360,410,Passed,0.0002013
7.4.11 Power Test SAEABHV_Voltage OP4(21),393,V,360,410,Passed,0.0002048
7.8.1 Power Test U Current OP8(21),421.790736329102,A,400,500,Passed,0.1953448
7.8.2 Power Test V Current OP8(21),426.642393525351,A,400,500,Passed,0.1720092
7.8.3 Power Test W Current OP8(21),424.267676944139,A,400,500,Passed,0.1708786
7.8.4 Power Test F_TEMP_MEAS_CTL  OP8(21),58,deg,20,99,Passed,0.0003884
7.8.5 Power Test F_TEMP_MEAS_MOD OP8(21),76,deg,20,99,Passed,0.0002055
7.8.6 Power Test F_TEMP_MEAS_DRV OP8(21),75,deg,20,99,Passed,0.0001649
7.8.7 Power Test AN_CTP_COOLING_F OP8(21),55,deg,20,99,Passed,0.0004534
7.8.8 Power Test FSEVBLV_Voltage OP8(21),15,V,14,17,Passed,0.0001748
7.8.9 Power Test FSEVBHV_Voltage OP8(21),391,V,360,410,Passed,0.0001751
7.8.10 Power Test FTEABHV_UbatHV OP8(21),389,V,360,410,Passed,0.0002465
7.8.11 Power Test SAEABHV_Voltage OP8(21),391,V,360,410,Passed,0.000506
7.4.1 Power Test U Current OP4(22),419.082262287963,A,400,500,Passed,0.1742663
7.4.2 Power Test V Current OP4(22),425.459743693768,A,400,500,Passed,0.1748595
7.4.3 Power Test W Current OP4(22),426.834393685811,A,400,500,Passed,0.1742009
7.4.4 Power Test F_TEMP_MEAS_CTL  OP4(22),59,deg,20,99,Passed,0.0001822
7.4.5 Power Test F_TEMP_MEAS_MOD OP4(22),77,deg,20,99,Passed,0.0001596
7.4.6 Power Test F_TEMP_MEAS_DRV OP4(22),75,deg,20,99,Passed,0.000328
7.4.7 Power Test AN_CTP_COOLING_F OP4(22),55,deg,20,99,Passed,0.0001801
7.4.8 Power Test FSEVBLV_Voltage OP4(22),9,V,9,12,Passed,0.000178
7.4.9 Power Test FSEVBHV_Voltage OP4(22),390,V,360,410,Passed,0.0001744
7.4.10 Power Test FTEABHV_UbatHV OP4(22),388,V,360,410,Passed,0.0002196
7.4.11 Power Test SAEABHV_Voltage OP4(22),390,V,360,410,Passed,0.0005967
7.8.1 Power Test U Current OP8(22),421.679702899232,A,400,500,Passed,0.1745841
7.8.2 Power Test V Current OP8(22),425.851529544555,A,400,500,Passed,0.1770222
7.8.3 Power Test W Current OP8(22),425.956253523871,A,400,500,Passed,0.1769092
7.8.4 Power Test F_TEMP_MEAS_CTL  OP8(22),59,deg,20,99,Passed,0.0001653
7.8.5 Power Test F_TEMP_MEAS_MOD OP8(22),77,deg,20,99,Passed,0.0002143
7.8.6 Power Test F_TEMP_MEAS_DRV OP8(22),76,deg,20,99,Passed,0.0001822
7.8.7 Power Test AN_CTP_COOLING_F OP8(22),55,deg,20,99,Passed,0.0002511
7.8.8 Power Test FSEVBLV_Voltage OP8(22),15,V,14,17,Passed,0.0002306
7.8.9 Power Test FSEVBHV_Voltage OP8(22),390,V,360,410,Passed,0.0001903
7.8.10 Power Test FTEABHV_UbatHV OP8(22),388,V,360,410,Passed,0.0002147
7.8.11 Power Test SAEABHV_Voltage OP8(22),390,V,360,410,Passed,0.000221
7.4.1 Power Test U Current OP4(23),423.598476581357,A,400,500,Passed,0.178078
7.4.2 Power Test V Current OP4(23),424.018124428449,A,400,500,Passed,0.1723585
7.4.3 Power Test W Current OP4(23),425.204911883614,A,400,500,Passed,0.1726893
7.4.4 Power Test F_TEMP_MEAS_CTL  OP4(23),59,deg,20,99,Passed,0.0001847
7.4.5 Power Test F_TEMP_MEAS_MOD OP4(23),77,deg,20,99,Passed,0.0001854
7.4.6 Power Test F_TEMP_MEAS_DRV OP4(23),76,deg,20,99,Passed,0.0001568
7.4.7 Power Test AN_CTP_COOLING_F OP4(23),55,deg,20,99,Passed,0.0001921
7.4.8 Power Test FSEVBLV_Voltage OP4(23),9,V,9,12,Passed,0.0004604
7.4.9 Power Test FSEVBHV_Voltage OP4(23),391,V,360,410,Passed,0.0002044
7.4.10 Power Test FTEABHV_UbatHV OP4(23),389,V,360,410,Passed,0.0002341
7.4.11 Power Test SAEABHV_Voltage OP4(23),391,V,360,410,Passed,0.0006102
7.8.1 Power Test U Current OP8(23),420.084205355854,A,400,500,Passed,0.2183071
7.8.2 Power Test V Current OP8(23),425.049162172085,A,400,500,Passed,0.1758687
7.8.3 Power Test W Current OP8(23),425.055986900763,A,400,500,Passed,0.1752249
7.8.4 Power Test F_TEMP_MEAS_CTL  OP8(23),60,deg,20,99,Passed,0.0002097
7.8.5 Power Test F_TEMP_MEAS_MOD OP8(23),78,deg,20,99,Passed,0.000154
7.8.6 Power Test F_TEMP_MEAS_DRV OP8(23),76,deg,20,99,Passed,0.0001935
7.8.7 Power Test AN_CTP_COOLING_F OP8(23),56,deg,20,99,Passed,0.0001963
7.8.8 Power Test FSEVBLV_Voltage OP8(23),15,V,14,17,Passed,0.0001907
7.8.9 Power Test FSEVBHV_Voltage OP8(23),391,V,360,410,Passed,0.0002059
7.8.10 Power Test FTEABHV_UbatHV OP8(23),389,V,360,410,Passed,0.0002648
7.8.11 Power Test SAEABHV_Voltage OP8(23),391,V,360,410,Passed,0.0002225
7.4.1 Power Test U Current OP4(24),422.558716335047,A,400,500,Passed,0.1881909
7.4.2 Power Test V Current OP4(24),425.277534499614,A,400,500,Passed,0.1821436
7.4.3 Power Test W Current OP4(24),423.277625248378,A,400,500,Passed,0.1812983
7.4.4 Power Test F_TEMP_MEAS_CTL  OP4(24),60,deg,20,99,Passed,0.0001783
7.4.5 Power Test F_TEMP_MEAS_MOD OP4(24),78,deg,20,99,Passed,0.0001705
7.4.6 Power Test F_TEMP_MEAS_DRV OP4(24),77,deg,20,99,Passed,0.0004608
7.4.7 Power Test AN_CTP_COOLING_F OP4(24),56,deg,20,99,Passed,0.0001617
7.4.8 Power Test FSEVBLV_Voltage OP4(24),9,V,9,12,Passed,0.0002288
7.4.9 Power Test FSEVBHV_Voltage OP4(24),391,V,360,410,Passed,0.0001818
7.4.10 Power Test FTEABHV_UbatHV OP4(24),389,V,360,410,Passed,0.0002175
7.4.11 Power Test SAEABHV_Voltage OP4(24),391,V,360,410,Passed,0.0005455
7.8.1 Power Test U Current OP8(24),422.571991390511,A,400,500,Passed,0.1790551
7.8.2 Power Test V Current OP8(24),424.565789777492,A,400,500,Passed,0.1740262
7.8.3 Power Test W Current OP8(24),424.644818114989,A,400,500,Passed,0.1742956
7.8.4 Power Test F_TEMP_MEAS_CTL  OP8(24),60,deg,20,99,Passed,0.0002189
7.8.5 Power Test F_TEMP_MEAS_MOD OP8(24),78,deg,20,99,Passed,0.0004138
7.8.6 Power Test F_TEMP_MEAS_DRV OP8(24),77,deg,20,99,Passed,0.0002196
7.8.7 Power Test AN_CTP_COOLING_F OP8(24),56,deg,20,99,Passed,0.0001893
7.8.8 Power Test FSEVBLV_Voltage OP8(24),15,V,14,17,Passed,0.00022
7.8.9 Power Test FSEVBHV_Voltage OP8(24),392,V,360,410,Passed,0.0002044
7.8.10 Power Test FTEABHV_UbatHV OP8(24),390,V,360,410,Passed,0.0005131
7.8.11 Power Test SAEABHV_Voltage OP8(24),392,V,360,410,Passed,0.0002355
7.4.1 Power Test U Current OP4(25),420.167042433607,A,400,500,Passed,0.1817033
7.4.2 Power Test V Current OP4(25),426.507357349278,A,400,500,Passed,0.1752154
7.4.3 Power Test W Current OP4(25),424.836899670464,A,400,500,Passed,0.1754958
7.4.4 Power Test F_TEMP_MEAS_CTL  OP4(25),61,deg,20,99,Passed,0.0001681
7.4.5 Power Test F_TEMP_MEAS_MOD OP4(25),77,deg,20,99,Passed,0.0004061
7.4.6 Power Test F_TEMP_MEAS_DRV OP4(25),78,deg,20,99,Passed,0.000608
7.4.7 Power Test AN_CTP_COOLING_F OP4(25),57,deg,20,99,Passed,0.0003107
7.4.8 Power Test FSEVBLV_Voltage OP4(25),9,V,9,12,Passed,0.0002504
7.4.9 Power Test FSEVBHV_Voltage OP4(25),391,V,360,410,Passed,0.000178
7.4.10 Power Test FTEABHV_UbatHV OP4(25),389,V,360,410,Passed,0.0002779
7.4.11 Power Test SAEABHV_Voltage OP4(25),391,V,360,410,Passed,0.0002366
7.8.1 Power Test U Current OP8(25),421.934891452272,A,400,500,Passed,0.1806299
7.8.2 Power Test V Current OP8(25),425.877578716761,A,400,500,Passed,0.1739181
7.8.3 Power Test W Current OP8(25),426.666287863423,A,400,500,Passed,0.1754862
7.8.4 Power Test F_TEMP_MEAS_CTL  OP8(25),61,deg,20,99,Passed,0.0001875
7.8.5 Power Test F_TEMP_MEAS_MOD OP8(25),76,deg,20,99,Passed,0.0003828
7.8.6 Power Test F_TEMP_MEAS_DRV OP8(25),78,deg,20,99,Passed,0.0004806
7.8.7 Power Test AN_CTP_COOLING_F OP8(25),56,deg,20,99,Passed,0.0001999
7.8.8 Power Test FSEVBLV_Voltage OP8(25),15,V,14,17,Passed,0.0003916
7.8.9 Power Test FSEVBHV_Voltage OP8(25),391,V,360,410,Passed,0.0001864
7.8.10 Power Test FTEABHV_UbatHV OP8(25),389,V,360,410,Passed,0.000214
7.8.11 Power Test SAEABHV_Voltage OP8(25),391,V,360,410,Passed,0.0002722
7.4.1 Power Test U Current OP4(26),424.105852063269,A,400,500,Passed,0.1806232
7.4.2 Power Test V Current OP4(26),424.138230277179,A,400,500,Passed,0.1719308
7.4.3 Power Test W Current OP4(26),424.199487565213,A,400,500,Passed,0.1738623
7.4.4 Power Test F_TEMP_MEAS_CTL  OP4(26),61,deg,20,99,Passed,0.0001984
7.4.5 Power Test F_TEMP_MEAS_MOD OP4(26),76,deg,20,99,Passed,0.0004661
7.4.6 Power Test F_TEMP_MEAS_DRV OP4(26),78,deg,20,99,Passed,0.0002115
7.4.7 Power Test AN_CTP_COOLING_F OP4(26),56,deg,20,99,Passed,0.0002352
7.4.8 Power Test FSEVBLV_Voltage OP4(26),9,V,9,12,Passed,0.0001783
7.4.9 Power Test FSEVBHV_Voltage OP4(26),391,V,360,410,Passed,0.0002465
7.4.10 Power Test FTEABHV_UbatHV OP4(26),389,V,360,410,Passed,0.000226
7.4.11 Power Test SAEABHV_Voltage OP4(26),391,V,360,410,Passed,0.0002359
7.8.1 Power Test U Current OP8(26),421.262354407066,A,400,500,Passed,0.1824784
7.8.2 Power Test V Current OP8(26),425.869669448614,A,400,500,Passed,0.1761695
7.8.3 Power Test W Current OP8(26),426.241320180194,A,400,500,Passed,0.1750978
7.8.4 Power Test F_TEMP_MEAS_CTL  OP8(26),62,deg,20,99,Passed,0.0002122
7.8.5 Power Test F_TEMP_MEAS_MOD OP8(26),76,deg,20,99,Passed,0.0004516
7.8.6 Power Test F_TEMP_MEAS_DRV OP8(26),79,deg,20,99,Passed,0.0001963
7.8.7 Power Test AN_CTP_COOLING_F OP8(26),56,deg,20,99,Passed,0.0001635
7.8.8 Power Test FSEVBLV_Voltage OP8(26),15,V,14,17,Passed,0.0001868
7.8.9 Power Test FSEVBHV_Voltage OP8(26),390,V,360,410,Passed,0.000178
7.8.10 Power Test FTEABHV_UbatHV OP8(26),388,V,360,410,Passed,0.0003277
7.8.11 Power Test SAEABHV_Voltage OP8(26),390,V,360,410,Passed,0.0003623
7.4.1 Power Test U Current OP4(27),422.770178469546,A,400,500,Passed,0.1804586
7.4.2 Power Test V Current OP4(27),427.119295100764,A,400,500,Passed,0.1747977
7.4.3 Power Test W Current OP4(27),424.563090184094,A,400,500,Passed,0.1754746
7.4.4 Power Test F_TEMP_MEAS_CTL  OP4(27),62,deg,20,99,Passed,0.0001628
7.4.5 Power Test F_TEMP_MEAS_MOD OP4(27),76,deg,20,99,Passed,0.0001624
7.4.6 Power Test F_TEMP_MEAS_DRV OP4(27),79,deg,20,99,Passed,0.0001751
7.4.7 Power Test AN_CTP_COOLING_F OP4(27),56,deg,20,99,Passed,0.0001893
7.4.8 Power Test FSEVBLV_Voltage OP4(27),9,V,9,12,Passed,0.0001758
7.4.9 Power Test FSEVBHV_Voltage OP4(27),392,V,360,410,Passed,0.0001737
7.4.10 Power Test FTEABHV_UbatHV OP4(27),390,V,360,410,Passed,0.0002359
7.4.11 Power Test SAEABHV_Voltage OP4(27),392,V,360,410,Passed,0.0003199
7.8.1 Power Test U Current OP8(27),422.291696220112,A,400,500,Passed,0.1764965
7.8.2 Power Test V Current OP8(27),424.690736996953,A,400,500,Passed,0.1948253
7.8.3 Power Test W Current OP8(27),425.28584605048,A,400,500,Passed,0.1706378
7.8.4 Power Test F_TEMP_MEAS_CTL  OP8(27),62,deg,20,99,Passed,0.0002973
7.8.5 Power Test F_TEMP_MEAS_MOD OP8(27),77,deg,20,99,Passed,0.0001769
7.8.6 Power Test F_TEMP_MEAS_DRV OP8(27),79,deg,20,99,Passed,0.0001924
7.8.7 Power Test AN_CTP_COOLING_F OP8(27),56,deg,20,99,Passed,0.0003736
7.8.8 Power Test FSEVBLV_Voltage OP8(27),15,V,14,17,Passed,0.0001977
7.8.9 Power Test FSEVBHV_Voltage OP8(27),391,V,360,410,Passed,0.0001783
7.8.10 Power Test FTEABHV_UbatHV OP8(27),389,V,360,410,Passed,0.0002394
7.8.11 Power Test SAEABHV_Voltage OP8(27),391,V,360,410,Passed,0.0002666
7.4.1 Power Test U Current OP4(28),420.956884774067,A,400,500,Passed,0.1810473
7.4.2 Power Test V Current OP4(28),425.292786202392,A,400,500,Passed,0.1747514
7.4.3 Power Test W Current OP4(28),426.322788479449,A,400,500,Passed,0.1764163
7.4.4 Power Test F_TEMP_MEAS_CTL  OP4(28),63,deg,20,99,Passed,0.0001592
7.4.5 Power Test F_TEMP_MEAS_MOD OP4(28),77,deg,20,99,Passed,0.0001854
7.4.6 Power Test F_TEMP_MEAS_DRV OP4(28),79,deg,20,99,Passed,0.0002115
7.4.7 Power Test AN_CTP_COOLING_F OP4(28),56,deg,20,99,Passed,0.0001826
7.4.8 Power Test FSEVBLV_Voltage OP4(28),9,V,9,12,Passed,0.000167
7.4.9 Power Test FSEVBHV_Voltage OP4(28),392,V,360,410,Passed,0.0001811
7.4.10 Power Test FTEABHV_UbatHV OP4(28),390,V,360,410,Passed,0.0002765
7.4.11 Power Test SAEABHV_Voltage OP4(28),392,V,360,410,Passed,0.0002168
7.8.1 Power Test U Current OP8(28),422.415306673048,A,400,500,Passed,0.1784438
7.8.2 Power Test V Current OP8(28),423.785221211611,A,400,500,Passed,0.1741077
7.8.3 Power Test W Current OP8(28),425.632882050429,A,400,500,Passed,0.1741427
7.8.4 Power Test F_TEMP_MEAS_CTL  OP8(28),63,deg,20,99,Passed,0.0001829
7.8.5 Power Test F_TEMP_MEAS_MOD OP8(28),77,deg,20,99,Passed,0.0002998
7.8.6 Power Test F_TEMP_MEAS_DRV OP8(28),80,deg,20,99,Passed,0.0001992
7.8.7 Power Test AN_CTP_COOLING_F OP8(28),56,deg,20,99,Passed,0.0001677
7.8.8 Power Test FSEVBLV_Voltage OP8(28),15,V,14,17,Passed,0.0003948
7.8.9 Power Test FSEVBHV_Voltage OP8(28),390,V,360,410,Passed,0.0002165
7.8.10 Power Test FTEABHV_UbatHV OP8(28),388,V,360,410,Passed,0.0002225
7.8.11 Power Test SAEABHV_Voltage OP8(28),390,V,360,410,Passed,0.0005907
7.4.1 Power Test U Current OP4(29),421.398608910391,A,400,500,Passed,0.1825515
7.4.2 Power Test V Current OP4(29),426.623284246031,A,400,500,Passed,0.1739531
7.4.3 Power Test W Current OP4(29),425.682867300081,A,400,500,Passed,0.1753097
7.4.4 Power Test F_TEMP_MEAS_CTL  OP4(29),63,deg,20,99,Passed,0.0001607
7.4.5 Power Test F_TEMP_MEAS_MOD OP4(29),77,deg,20,99,Passed,0.0001621
7.4.6 Power Test F_TEMP_MEAS_DRV OP4(29),80,deg,20,99,Passed,0.0001907
7.4.7 Power Test AN_CTP_COOLING_F OP4(29),56,deg,20,99,Passed,0.0001751
7.4.8 Power Test FSEVBLV_Voltage OP4(29),9,V,9,12,Passed,0.000161
7.4.9 Power Test FSEVBHV_Voltage OP4(29),390,V,360,410,Passed,0.0001956
7.4.10 Power Test FTEABHV_UbatHV OP4(29),388,V,360,410,Passed,0.0001999
7.4.11 Power Test SAEABHV_Voltage OP4(29),390,V,360,410,Passed,0.0005724
7.8.1 Power Test U Current OP8(29),422.730561673462,A,400,500,Passed,0.1798905
7.8.2 Power Test V Current OP8(29),425.569358691537,A,400,500,Passed,0.1740018
7.8.3 Power Test W Current OP8(29),425.648497962677,A,400,500,Passed,0.1733284
7.8.4 Power Test F_TEMP_MEAS_CTL  OP8(29),63,deg,20,99,Passed,0.0001635
7.8.5 Power Test F_TEMP_MEAS_MOD OP8(29),78,deg,20,99,Passed,0.0004463
7.8.6 Power Test F_TEMP_MEAS_DRV OP8(29),80,deg,20,99,Passed,0.0001642
7.8.7 Power Test AN_CTP_COOLING_F OP8(29),57,deg,20,99,Passed,0.0002235
7.8.8 Power Test FSEVBLV_Voltage OP8(29),15,V,14,17,Passed,0.000209
7.8.9 Power Test FSEVBHV_Voltage OP8(29),391,V,360,410,Passed,0.0001988
7.8.10 Power Test FTEABHV_UbatHV OP8(29),389,V,360,410,Passed,0.0002253
7.8.11 Power Test SAEABHV_Voltage OP8(29),391,V,360,410,Passed,0.0002613
7.4.1 Power Test U Current OP4(30),421.351887217599,A,400,500,Passed,0.1798241
7.4.2 Power Test V Current OP4(30),426.708850685381,A,400,500,Passed,0.1745615
7.4.3 Power Test W Current OP4(30),425.672262951531,A,400,500,Passed,0.1736063
7.4.4 Power Test F_TEMP_MEAS_CTL  OP4(30),64,deg,20,99,Passed,0.0002006
7.4.5 Power Test F_TEMP_MEAS_MOD OP4(30),78,deg,20,99,Passed,0.0004004
7.4.6 Power Test F_TEMP_MEAS_DRV OP4(30),80,deg,20,99,Passed,0.0004802
7.4.7 Power Test AN_CTP_COOLING_F OP4(30),57,deg,20,99,Passed,0.0001967
7.4.8 Power Test FSEVBLV_Voltage OP4(30),9,V,9,12,Passed,0.00016
7.4.9 Power Test FSEVBHV_Voltage OP4(30),390,V,360,410,Passed,0.000191
7.4.10 Power Test FTEABHV_UbatHV OP4(30),388,V,360,410,Passed,0.0002387
7.4.11 Power Test SAEABHV_Voltage OP4(30),390,V,360,410,Passed,0.0002373
7.8.1 Power Test U Current OP8(30),422.213431099144,A,400,500,Passed,0.1812895
7.8.2 Power Test V Current OP8(30),426.334448770495,A,400,500,Passed,0.1742931
7.8.3 Power Test W Current OP8(30),425.201325194149,A,400,500,Passed,0.1751985
7.8.4 Power Test F_TEMP_MEAS_CTL  OP8(30),64,deg,20,99,Passed,0.0001631
7.8.5 Power Test F_TEMP_MEAS_MOD OP8(30),78,deg,20,99,Passed,0.0003549
7.8.6 Power Test F_TEMP_MEAS_DRV OP8(30),81,deg,20,99,Passed,0.0001981
7.8.7 Power Test AN_CTP_COOLING_F OP8(30),57,deg,20,99,Passed,0.0004011
7.8.8 Power Test FSEVBLV_Voltage OP8(30),15,V,14,17,Passed,0.00019
7.8.9 Power Test FSEVBHV_Voltage OP8(30),391,V,360,410,Passed,0.0006582
7.8.10 Power Test FTEABHV_UbatHV OP8(30),388,V,360,410,Passed,0.0006547
7.8.11 Power Test SAEABHV_Voltage OP8(30),391,V,360,410,Passed,0.0001992
7.4.1 Power Test U Current OP4(31),422.140328418238,A,400,500,Passed,0.1803096
7.4.2 Power Test V Current OP4(31),426.459125032394,A,400,500,Passed,0.1736932
7.4.3 Power Test W Current OP4(31),424.064636736196,A,400,500,Passed,0.1757419
7.4.4 Power Test F_TEMP_MEAS_CTL  OP4(31),64,deg,20,99,Passed,0.0002172
7.4.5 Power Test F_TEMP_MEAS_MOD OP4(31),78,deg,20,99,Passed,0.000173
7.4.6 Power Test F_TEMP_MEAS_DRV OP4(31),81,deg,20,99,Passed,0.0002203
7.4.7 Power Test AN_CTP_COOLING_F OP4(31),57,deg,20,99,Passed,0.0004806
7.4.8 Power Test FSEVBLV_Voltage OP4(31),9,V,9,12,Passed,0.0001674
7.4.9 Power Test FSEVBHV_Voltage OP4(31),391,V,360,410,Passed,0.0002009
7.4.10 Power Test FTEABHV_UbatHV OP4(31),389,V,360,410,Passed,0.0002938
7.4.11 Power Test SAEABHV_Voltage OP4(31),391,V,360,410,Passed,0.0002429
7.8.1 Power Test U Current OP8(31),422.892614613596,A,400,500,Passed,0.1800088
7.8.2 Power Test V Current OP8(31),425.005106676092,A,400,500,Passed,0.1748944
7.8.3 Power Test W Current OP8(31),424.505740443475,A,400,500,Passed,0.1741932
7.8.4 Power Test F_TEMP_MEAS_CTL  OP8(31),64,deg,20,99,Passed,0.0001766
7.8.5 Power Test F_TEMP_MEAS_MOD OP8(31),78,deg,20,99,Passed,0.000167
7.8.6 Power Test F_TEMP_MEAS_DRV OP8(31),81,deg,20,99,Passed,0.0004047
7.8.7 Power Test AN_CTP_COOLING_F OP8(31),57,deg,20,99,Passed,0.0001649
7.8.8 Power Test FSEVBLV_Voltage OP8(31),15,V,14,17,Passed,0.0001751
7.8.9 Power Test FSEVBHV_Voltage OP8(31),391,V,360,410,Passed,0.0001946
7.8.10 Power Test FTEABHV_UbatHV OP8(31),389,V,360,410,Passed,0.000232
7.8.11 Power Test SAEABHV_Voltage OP8(31),391,V,360,410,Passed,0.0002094
7.0.1 Error Code Check,FF,,FF,FF,Passed,5.93E-05
If,,,,,Done,9.11E-05
End,,,,,Done,2.15E-05
 