Product Name,PSA
Stationt Name,BurnIn
Version,V1.0.0
Serial Number,!210690083!V29102835
Total Test Time,1055
DUTResult,Passed
Date Time,20210403150802
Stepname,MeasureValue,Unit,Lowlimit,Highlimit,Result,CycleTime
If,,,,,Done,3.95E-05
End,,,,,Done,2.15E-05
7.0.0 Error Code Check,FF,,FF,FF,Passed,8.4E-05
7.0.1 Enter Torque mode,True,,True,True,Passed,4.38E-05
7.4.1 Power Test U Current OP4(0),420.289213338116,A,400,500,Passed,0.18071
7.4.2 Power Test V Current OP4(0),422.129433857506,A,400,500,Passed,0.1771235
7.4.3 Power Test W Current OP4(0),425.767486313007,A,400,500,Passed,0.1769812
7.4.4 Power Test F_TEMP_MEAS_CTL  OP4(0),24,deg,20,99,Passed,0.0001818
7.4.5 Power Test F_TEMP_MEAS_MOD OP4(0),71,deg,20,99,Passed,0.0004301
7.4.6 Power Test F_TEMP_MEAS_DRV OP4(0),25,deg,20,99,Passed,0.0003602
7.4.7 Power Test AN_CTP_COOLING_F OP4(0),31,deg,20,99,Passed,0.0001638
7.4.8 Power Test FSEVBLV_Voltage OP4(0),9,V,9,12,Passed,0.0001751
7.4.9 Power Test FSEVBHV_Voltage OP4(0),391,V,360,410,Passed,0.0001967
7.4.10 Power Test FTEABHV_UbatHV OP4(0),389,V,360,410,Passed,0.0001705
7.4.11 Power Test SAEABHV_Voltage OP4(0),391,V,360,410,Passed,0.0003814
7.8.1 Power Test U Current OP8(0),419.548676124522,A,400,500,Passed,0.1822485
7.8.2 Power Test V Current OP8(0),421.705660830032,A,400,500,Passed,0.1754322
7.8.3 Power Test W Current OP8(0),427.758026990985,A,400,500,Passed,0.1756267
7.8.4 Power Test F_TEMP_MEAS_CTL  OP8(0),25,deg,20,99,Passed,0.0001698
7.8.5 Power Test F_TEMP_MEAS_MOD OP8(0),73,deg,20,99,Passed,0.0002133
7.8.6 Power Test F_TEMP_MEAS_DRV OP8(0),26,deg,20,99,Passed,0.000161
7.8.7 Power Test AN_CTP_COOLING_F OP8(0),39,deg,20,99,Passed,0.0001635
7.8.8 Power Test FSEVBLV_Voltage OP8(0),15,V,14,17,Passed,0.0004121
7.8.9 Power Test FSEVBHV_Voltage OP8(0),393,V,360,410,Passed,0.000215
7.8.10 Power Test FTEABHV_UbatHV OP8(0),389,V,360,410,Passed,0.0005604
7.8.11 Power Test SAEABHV_Voltage OP8(0),393,V,360,410,Passed,0.0002638
7.4.1 Power Test U Current OP4(1),419.834439950531,A,400,500,Passed,0.1825013
7.4.2 Power Test V Current OP4(1),421.022820816264,A,400,500,Passed,0.1752256
7.4.3 Power Test W Current OP4(1),425.340172913061,A,400,500,Passed,0.1740455
7.4.4 Power Test F_TEMP_MEAS_CTL  OP4(1),26,deg,20,99,Passed,0.0001638
7.4.5 Power Test F_TEMP_MEAS_MOD OP4(1),74,deg,20,99,Passed,0.0004283
7.4.6 Power Test F_TEMP_MEAS_DRV OP4(1),28,deg,20,99,Passed,0.0001783
7.4.7 Power Test AN_CTP_COOLING_F OP4(1),43,deg,20,99,Passed,0.0001758
7.4.8 Power Test FSEVBLV_Voltage OP4(1),9,V,9,12,Passed,0.0001564
7.4.9 Power Test FSEVBHV_Voltage OP4(1),393,V,360,410,Passed,0.000196
7.4.10 Power Test FTEABHV_UbatHV OP4(1),391,V,360,410,Passed,0.000268
7.4.11 Power Test SAEABHV_Voltage OP4(1),393,V,360,410,Passed,0.0001868
7.8.1 Power Test U Current OP8(1),420.691982776945,A,400,500,Passed,0.1804925
7.8.2 Power Test V Current OP8(1),421.738137559541,A,400,500,Passed,0.1737503
7.8.3 Power Test W Current OP8(1),423.612916126757,A,400,500,Passed,0.1749039
7.8.4 Power Test F_TEMP_MEAS_CTL  OP8(1),27,deg,20,99,Passed,0.0001815
7.8.5 Power Test F_TEMP_MEAS_MOD OP8(1),74,deg,20,99,Passed,0.0001582
7.8.6 Power Test F_TEMP_MEAS_DRV OP8(1),29,deg,20,99,Passed,0.0002175
7.8.7 Power Test AN_CTP_COOLING_F OP8(1),45,deg,20,99,Passed,0.0001783
7.8.8 Power Test FSEVBLV_Voltage OP8(1),15,V,14,17,Passed,0.0001681
7.8.9 Power Test FSEVBHV_Voltage OP8(1),391,V,360,410,Passed,0.0002119
7.8.10 Power Test FTEABHV_UbatHV OP8(1),390,V,360,410,Passed,0.0001847
7.8.11 Power Test SAEABHV_Voltage OP8(1),391,V,360,410,Passed,0.0002232
7.4.1 Power Test U Current OP4(2),419.854395010198,A,400,500,Passed,0.1805635
7.4.2 Power Test V Current OP4(2),422.41284822054,A,400,500,Passed,0.1751447
7.4.3 Power Test W Current OP4(2),425.661882321755,A,400,500,Passed,0.1744474
7.4.4 Power Test F_TEMP_MEAS_CTL  OP4(2),28,deg,20,99,Passed,0.0002193
7.4.5 Power Test F_TEMP_MEAS_MOD OP4(2),75,deg,20,99,Passed,0.0001935
7.4.6 Power Test F_TEMP_MEAS_DRV OP4(2),31,deg,20,99,Passed,0.0001776
7.4.7 Power Test AN_CTP_COOLING_F OP4(2),47,deg,20,99,Passed,0.0001949
7.4.8 Power Test FSEVBLV_Voltage OP4(2),9,V,9,12,Passed,0.0002246
7.4.9 Power Test FSEVBHV_Voltage OP4(2),392,V,360,410,Passed,0.0001818
7.4.10 Power Test FTEABHV_UbatHV OP4(2),389,V,360,410,Passed,0.0001882
7.4.11 Power Test SAEABHV_Voltage OP4(2),392,V,360,410,Passed,0.0001836
7.8.1 Power Test U Current OP8(2),421.099427334023,A,400,500,Passed,0.2008722
7.8.2 Power Test V Current OP8(2),420.197043612096,A,400,500,Passed,0.1813919
7.8.3 Power Test W Current OP8(2),423.714871028162,A,400,500,Passed,0.183656
7.8.4 Power Test F_TEMP_MEAS_CTL  OP8(2),29,deg,20,99,Passed,0.0002256
7.8.5 Power Test F_TEMP_MEAS_MOD OP8(2),75,deg,20,99,Passed,0.0001624
7.8.6 Power Test F_TEMP_MEAS_DRV OP8(2),33,deg,20,99,Passed,0.0001734
7.8.7 Power Test AN_CTP_COOLING_F OP8(2),48,deg,20,99,Passed,0.0001949
7.8.8 Power Test FSEVBLV_Voltage OP8(2),15,V,14,17,Passed,0.0001787
7.8.9 Power Test FSEVBHV_Voltage OP8(2),391,V,360,410,Passed,0.0001875
7.8.10 Power Test FTEABHV_UbatHV OP8(2),389,V,360,410,Passed,0.0001843
7.8.11 Power Test SAEABHV_Voltage OP8(2),391,V,360,410,Passed,0.0002044
7.4.1 Power Test U Current OP4(3),421.60781797529,A,400,500,Passed,0.1810433
7.4.2 Power Test V Current OP4(3),420.678070265681,A,400,500,Passed,0.1750406
7.4.3 Power Test W Current OP4(3),425.305106044919,A,400,500,Passed,0.1744096
7.4.4 Power Test F_TEMP_MEAS_CTL  OP4(3),30,deg,20,99,Passed,0.0001628
7.4.5 Power Test F_TEMP_MEAS_MOD OP4(3),76,deg,20,99,Passed,0.0005003
7.4.6 Power Test F_TEMP_MEAS_DRV OP4(3),35,deg,20,99,Passed,0.0227028
7.4.7 Power Test AN_CTP_COOLING_F OP4(3),49,deg,20,99,Passed,0.0032231
7.4.8 Power Test FSEVBLV_Voltage OP4(3),9,V,9,12,Passed,0.0001787
7.4.9 Power Test FSEVBHV_Voltage OP4(3),392,V,360,410,Passed,0.0005692
7.4.10 Power Test FTEABHV_UbatHV OP4(3),389,V,360,410,Passed,0.0002256
7.4.11 Power Test SAEABHV_Voltage OP4(3),392,V,360,410,Passed,0.0002228
7.8.1 Power Test U Current OP8(3),422.036409785594,A,400,500,Passed,0.1894405
7.8.2 Power Test V Current OP8(3),421.247496896479,A,400,500,Passed,0.182032
7.8.3 Power Test W Current OP8(3),428.991321302552,A,400,500,Passed,0.1783163
7.8.4 Power Test F_TEMP_MEAS_CTL  OP8(3),31,deg,20,99,Passed,0.000208
7.8.5 Power Test F_TEMP_MEAS_MOD OP8(3),73,deg,20,99,Passed,0.0005155
7.8.6 Power Test F_TEMP_MEAS_DRV OP8(3),36,deg,20,99,Passed,0.0001596
7.8.7 Power Test AN_CTP_COOLING_F OP8(3),50,deg,20,99,Passed,0.000166
7.8.8 Power Test FSEVBLV_Voltage OP8(3),15,V,14,17,Passed,0.0004128
7.8.9 Power Test FSEVBHV_Voltage OP8(3),393,V,360,410,Passed,0.000518
7.8.10 Power Test FTEABHV_UbatHV OP8(3),391,V,360,410,Passed,0.0001808
7.8.11 Power Test SAEABHV_Voltage OP8(3),393,V,360,410,Passed,0.0002415
7.4.1 Power Test U Current OP4(4),420.512459940217,A,400,500,Passed,0.1802054
7.4.2 Power Test V Current OP4(4),420.974717811146,A,400,500,Passed,0.1743524
7.4.3 Power Test W Current OP4(4),424.893480337542,A,400,500,Passed,0.1742348
7.4.4 Power Test F_TEMP_MEAS_CTL  OP4(4),33,deg,20,99,Passed,0.000179
7.4.5 Power Test F_TEMP_MEAS_MOD OP4(4),72,deg,20,99,Passed,0.0001684
7.4.6 Power Test F_TEMP_MEAS_DRV OP4(4),38,deg,20,99,Passed,0.0002613
7.4.7 Power Test AN_CTP_COOLING_F OP4(4),50,deg,20,99,Passed,0.0006303
7.4.8 Power Test FSEVBLV_Voltage OP4(4),9,V,9,12,Passed,0.0001857
7.4.9 Power Test FSEVBHV_Voltage OP4(4),390,V,360,410,Passed,0.0002126
7.4.10 Power Test FTEABHV_UbatHV OP4(4),389,V,360,410,Passed,0.0002263
7.4.11 Power Test SAEABHV_Voltage OP4(4),390,V,360,410,Passed,0.0002722
7.8.1 Power Test U Current OP8(4),420.113663862962,A,400,500,Passed,0.1789004
7.8.2 Power Test V Current OP8(4),421.863982704737,A,400,500,Passed,0.1798562
7.8.3 Power Test W Current OP8(4),424.521162394922,A,400,500,Passed,0.180531
7.8.4 Power Test F_TEMP_MEAS_CTL  OP8(4),34,deg,20,99,Passed,0.0001705
7.8.5 Power Test F_TEMP_MEAS_MOD OP8(4),72,deg,20,99,Passed,0.0001893
7.8.6 Power Test F_TEMP_MEAS_DRV OP8(4),40,deg,20,99,Passed,0.0001575
7.8.7 Power Test AN_CTP_COOLING_F OP8(4),50,deg,20,99,Passed,0.0003655
7.8.8 Power Test FSEVBLV_Voltage OP8(4),15,V,14,17,Passed,0.000215
7.8.9 Power Test FSEVBHV_Voltage OP8(4),391,V,360,410,Passed,0.0002405
7.8.10 Power Test FTEABHV_UbatHV OP8(4),388,V,360,410,Passed,0.0005713
7.8.11 Power Test SAEABHV_Voltage OP8(4),391,V,360,410,Passed,0.0003287
7.4.1 Power Test U Current OP4(5),419.420128676446,A,400,500,Passed,0.1822873
7.4.2 Power Test V Current OP4(5),420.949431000631,A,400,500,Passed,0.1833558
7.4.3 Power Test W Current OP4(5),424.937275412716,A,400,500,Passed,0.1819784
7.4.4 Power Test F_TEMP_MEAS_CTL  OP4(5),35,deg,20,99,Passed,0.0002115
7.4.5 Power Test F_TEMP_MEAS_MOD OP4(5),73,deg,20,99,Passed,0.0001681
7.4.6 Power Test F_TEMP_MEAS_DRV OP4(5),42,deg,20,99,Passed,0.0001829
7.4.7 Power Test AN_CTP_COOLING_F OP4(5),50,deg,20,99,Passed,0.0001769
7.4.8 Power Test FSEVBLV_Voltage OP4(5),9,V,9,12,Passed,0.0001988
7.4.9 Power Test FSEVBHV_Voltage OP4(5),392,V,360,410,Passed,0.0002246
7.4.10 Power Test FTEABHV_UbatHV OP4(5),388,V,360,410,Passed,0.0005544
7.4.11 Power Test SAEABHV_Voltage OP4(5),392,V,360,410,Passed,0.0004329
7.8.1 Power Test U Current OP8(5),421.283530842576,A,400,500,Passed,0.1821461
7.8.2 Power Test V Current OP8(5),421.658124456061,A,400,500,Passed,0.1740494
7.8.3 Power Test W Current OP8(5),425.990274759314,A,400,500,Passed,0.1745448
7.8.4 Power Test F_TEMP_MEAS_CTL  OP8(5),36,deg,20,99,Passed,0.0001663
7.8.5 Power Test F_TEMP_MEAS_MOD OP8(5),73,deg,20,99,Passed,0.00022
7.8.6 Power Test F_TEMP_MEAS_DRV OP8(5),43,deg,20,99,Passed,0.0001787
7.8.7 Power Test AN_CTP_COOLING_F OP8(5),50,deg,20,99,Passed,0.0001871
7.8.8 Power Test FSEVBLV_Voltage OP8(5),15,V,14,17,Passed,0.0001815
7.8.9 Power Test FSEVBHV_Voltage OP8(5),393,V,360,410,Passed,0.0001896
7.8.10 Power Test FTEABHV_UbatHV OP8(5),389,V,360,410,Passed,0.0002263
7.8.11 Power Test SAEABHV_Voltage OP8(5),393,V,360,410,Passed,0.0005946
7.4.1 Power Test U Current OP4(6),419.749779568656,A,400,500,Passed,0.1822919
7.4.2 Power Test V Current OP4(6),420.301051199606,A,400,500,Passed,0.1735985
7.4.3 Power Test W Current OP4(6),425.853605352222,A,400,500,Passed,0.1743365
7.4.4 Power Test F_TEMP_MEAS_CTL  OP4(6),37,deg,20,99,Passed,0.0001924
7.4.5 Power Test F_TEMP_MEAS_MOD OP4(6),74,deg,20,99,Passed,0.0001674
7.4.6 Power Test F_TEMP_MEAS_DRV OP4(6),45,deg,20,99,Passed,0.0001734
7.4.7 Power Test AN_CTP_COOLING_F OP4(6),51,deg,20,99,Passed,0.0001592
7.4.8 Power Test FSEVBLV_Voltage OP4(6),9,V,9,12,Passed,0.0004375
7.4.9 Power Test FSEVBHV_Voltage OP4(6),391,V,360,410,Passed,0.0005222
7.4.10 Power Test FTEABHV_UbatHV OP4(6),389,V,360,410,Passed,0.0002479
7.4.11 Power Test SAEABHV_Voltage OP4(6),391,V,360,410,Passed,0.0002359
7.8.1 Power Test U Current OP8(6),420.133391436914,A,400,500,Passed,0.1843103
7.8.2 Power Test V Current OP8(6),420.821882987563,A,400,500,Passed,0.1743563
7.8.3 Power Test W Current OP8(6),424.177305296217,A,400,500,Passed,0.1772016
7.8.4 Power Test F_TEMP_MEAS_CTL  OP8(6),38,deg,20,99,Passed,0.0002221
7.8.5 Power Test F_TEMP_MEAS_MOD OP8(6),74,deg,20,99,Passed,0.00019
7.8.6 Power Test F_TEMP_MEAS_DRV OP8(6),47,deg,20,99,Passed,0.0001681
7.8.7 Power Test AN_CTP_COOLING_F OP8(6),52,deg,20,99,Passed,0.0001864
7.8.8 Power Test FSEVBLV_Voltage OP8(6),15,V,14,17,Passed,0.0001568
7.8.9 Power Test FSEVBHV_Voltage OP8(6),391,V,360,410,Passed,0.0001857
7.8.10 Power Test FTEABHV_UbatHV OP8(6),389,V,360,410,Passed,0.00019
7.8.11 Power Test SAEABHV_Voltage OP8(6),391,V,360,410,Passed,0.0002136
7.4.1 Power Test U Current OP4(7),421.471285007883,A,400,500,Passed,0.1816984
7.4.2 Power Test V Current OP4(7),422.371101757098,A,400,500,Passed,0.1748107
7.4.3 Power Test W Current OP4(7),425.482818525116,A,400,500,Passed,0.175382
7.4.4 Power Test F_TEMP_MEAS_CTL  OP4(7),40,deg,20,99,Passed,0.0001949
7.4.5 Power Test F_TEMP_MEAS_MOD OP4(7),74,deg,20,99,Passed,0.0001677
7.4.6 Power Test F_TEMP_MEAS_DRV OP4(7),48,deg,20,99,Passed,0.0001691
7.4.7 Power Test AN_CTP_COOLING_F OP4(7),52,deg,20,99,Passed,0.0004559
7.4.8 Power Test FSEVBLV_Voltage OP4(7),9,V,9,12,Passed,0.0001818
7.4.9 Power Test FSEVBHV_Voltage OP4(7),390,V,360,410,Passed,0.0001716
7.4.10 Power Test FTEABHV_UbatHV OP4(7),388,V,360,410,Passed,0.0002186
7.4.11 Power Test SAEABHV_Voltage OP4(7),390,V,360,410,Passed,0.0002126
7.8.1 Power Test U Current OP8(7),421.698721382557,A,400,500,Passed,0.1955044
7.8.2 Power Test V Current OP8(7),422.175960722973,A,400,500,Passed,0.1760999
7.8.3 Power Test W Current OP8(7),428.416061174567,A,400,500,Passed,0.1757394
7.8.4 Power Test F_TEMP_MEAS_CTL  OP8(7),41,deg,20,99,Passed,0.0001928
7.8.5 Power Test F_TEMP_MEAS_MOD OP8(7),75,deg,20,99,Passed,0.0002355
7.8.6 Power Test F_TEMP_MEAS_DRV OP8(7),50,deg,20,99,Passed,0.0001645
7.8.7 Power Test AN_CTP_COOLING_F OP8(7),53,deg,20,99,Passed,0.0001868
7.8.8 Power Test FSEVBLV_Voltage OP8(7),15,V,14,17,Passed,0.0005392
7.8.9 Power Test FSEVBHV_Voltage OP8(7),391,V,360,410,Passed,0.0002246
7.8.10 Power Test FTEABHV_UbatHV OP8(7),388,V,360,410,Passed,0.0002161
7.8.11 Power Test SAEABHV_Voltage OP8(7),391,V,360,410,Passed,0.0003489
7.4.1 Power Test U Current OP4(8),417.817549824239,A,400,500,Passed,0.1729883
7.4.2 Power Test V Current OP4(8),424.882153405914,A,400,500,Passed,0.1759452
7.4.3 Power Test W Current OP4(8),427.038203434186,A,400,500,Passed,0.1752168
7.4.4 Power Test F_TEMP_MEAS_CTL  OP4(8),42,deg,20,99,Passed,0.0001596
7.4.5 Power Test F_TEMP_MEAS_MOD OP4(8),73,deg,20,99,Passed,0.0004022
7.4.6 Power Test F_TEMP_MEAS_DRV OP4(8),52,deg,20,99,Passed,0.0001631
7.4.7 Power Test AN_CTP_COOLING_F OP4(8),53,deg,20,99,Passed,0.0001607
7.4.8 Power Test FSEVBLV_Voltage OP4(8),9,V,9,12,Passed,0.0001744
7.4.9 Power Test FSEVBHV_Voltage OP4(8),389,V,360,410,Passed,0.000184
7.4.10 Power Test FTEABHV_UbatHV OP4(8),388,V,360,410,Passed,0.0002246
7.4.11 Power Test SAEABHV_Voltage OP4(8),389,V,360,410,Passed,0.000226
7.8.1 Power Test U Current OP8(8),420.162963364024,A,400,500,Passed,0.1806486
7.8.2 Power Test V Current OP8(8),422.486006759538,A,400,500,Passed,0.1779897
7.8.3 Power Test W Current OP8(8),426.776268699355,A,400,500,Passed,0.176953
7.8.4 Power Test F_TEMP_MEAS_CTL  OP8(8),43,deg,20,99,Passed,0.0001818
7.8.5 Power Test F_TEMP_MEAS_MOD OP8(8),71,deg,20,99,Passed,0.0002571
7.8.6 Power Test F_TEMP_MEAS_DRV OP8(8),53,deg,20,99,Passed,0.0001578
7.8.7 Power Test AN_CTP_COOLING_F OP8(8),53,deg,20,99,Passed,0.0001984
7.8.8 Power Test FSEVBLV_Voltage OP8(8),15,V,14,17,Passed,0.0002871
7.8.9 Power Test FSEVBHV_Voltage OP8(8),390,V,360,410,Passed,0.0002076
7.8.10 Power Test FTEABHV_UbatHV OP8(8),388,V,360,410,Passed,0.0004347
7.8.11 Power Test SAEABHV_Voltage OP8(8),390,V,360,410,Passed,0.00053
7.4.1 Power Test U Current OP4(9),420.597162661916,A,400,500,Passed,0.1792524
7.4.2 Power Test V Current OP4(9),424.852463389533,A,400,500,Passed,0.1738185
7.4.3 Power Test W Current OP4(9),426.890883463974,A,400,500,Passed,0.175786
7.4.4 Power Test F_TEMP_MEAS_CTL  OP4(9),44,deg,20,99,Passed,0.0001603
7.4.5 Power Test F_TEMP_MEAS_MOD OP4(9),70,deg,20,99,Passed,0.0005851
7.4.6 Power Test F_TEMP_MEAS_DRV OP4(9),55,deg,20,99,Passed,0.0001896
7.4.7 Power Test AN_CTP_COOLING_F OP4(9),52,deg,20,99,Passed,0.0001847
7.4.8 Power Test FSEVBLV_Voltage OP4(9),9,V,9,12,Passed,0.0002221
7.4.9 Power Test FSEVBHV_Voltage OP4(9),390,V,360,410,Passed,0.0001886
7.4.10 Power Test FTEABHV_UbatHV OP4(9),387,V,360,410,Passed,0.0002352
7.4.11 Power Test SAEABHV_Voltage OP4(9),390,V,360,410,Passed,0.0002323
7.8.1 Power Test U Current OP8(9),420.906019827485,A,400,500,Passed,0.1804999
7.8.2 Power Test V Current OP8(9),425.690402211519,A,400,500,Passed,0.1756228
7.8.3 Power Test W Current OP8(9),428.144242592531,A,400,500,Passed,0.1769805
7.8.4 Power Test F_TEMP_MEAS_CTL  OP8(9),45,deg,20,99,Passed,0.0001826
7.8.5 Power Test F_TEMP_MEAS_MOD OP8(9),70,deg,20,99,Passed,0.0004852
7.8.6 Power Test F_TEMP_MEAS_DRV OP8(9),56,deg,20,99,Passed,0.0004647
7.8.7 Power Test AN_CTP_COOLING_F OP8(9),52,deg,20,99,Passed,0.0001638
7.8.8 Power Test FSEVBLV_Voltage OP8(9),15,V,14,17,Passed,0.0002179
7.8.9 Power Test FSEVBHV_Voltage OP8(9),390,V,360,410,Passed,0.0001857
7.8.10 Power Test FTEABHV_UbatHV OP8(9),387,V,360,410,Passed,0.0002278
7.8.11 Power Test SAEABHV_Voltage OP8(9),390,V,360,410,Passed,0.0002387
7.4.1 Power Test U Current OP4(10),420.866924109478,A,400,500,Passed,0.1811263
7.4.2 Power Test V Current OP4(10),423.570549154909,A,400,500,Passed,0.1812616
7.4.3 Power Test W Current OP4(10),426.896686342399,A,400,500,Passed,0.180656
7.4.4 Power Test F_TEMP_MEAS_CTL  OP4(10),46,deg,20,99,Passed,0.0001815
7.4.5 Power Test F_TEMP_MEAS_MOD OP4(10),69,deg,20,99,Passed,0.0001875
7.4.6 Power Test F_TEMP_MEAS_DRV OP4(10),57,deg,20,99,Passed,0.0001995
7.4.7 Power Test AN_CTP_COOLING_F OP4(10),51,deg,20,99,Passed,0.0002207
7.4.8 Power Test FSEVBLV_Voltage OP4(10),9,V,9,12,Passed,0.000173
7.4.9 Power Test FSEVBHV_Voltage OP4(10),390,V,360,410,Passed,0.0001861
7.4.10 Power Test FTEABHV_UbatHV OP4(10),387,V,360,410,Passed,0.0001974
7.4.11 Power Test SAEABHV_Voltage OP4(10),390,V,360,410,Passed,0.0003157
7.8.1 Power Test U Current OP8(10),420.554676154519,A,400,500,Passed,0.1753068
7.8.2 Power Test V Current OP8(10),425.26209624251,A,400,500,Passed,0.1758817
7.8.3 Power Test W Current OP8(10),426.639363200925,A,400,500,Passed,0.1748849
7.8.4 Power Test F_TEMP_MEAS_CTL  OP8(10),47,deg,20,99,Passed,0.0002278
7.8.5 Power Test F_TEMP_MEAS_MOD OP8(10),69,deg,20,99,Passed,0.0001903
7.8.6 Power Test F_TEMP_MEAS_DRV OP8(10),58,deg,20,99,Passed,0.000178
7.8.7 Power Test AN_CTP_COOLING_F OP8(10),51,deg,20,99,Passed,0.0001773
7.8.8 Power Test FSEVBLV_Voltage OP8(10),15,V,14,17,Passed,0.0001992
7.8.9 Power Test FSEVBHV_Voltage OP8(10),391,V,360,410,Passed,0.0005452
7.8.10 Power Test FTEABHV_UbatHV OP8(10),388,V,360,410,Passed,0.0002203
7.8.11 Power Test SAEABHV_Voltage OP8(10),391,V,360,410,Passed,0.0002225
7.4.1 Power Test U Current OP4(11),421.764295542675,A,400,500,Passed,0.1780564
7.4.2 Power Test V Current OP4(11),424.676836063351,A,400,500,Passed,0.180127
7.4.3 Power Test W Current OP4(11),428.042498071921,A,400,500,Passed,0.1755565
7.4.4 Power Test F_TEMP_MEAS_CTL  OP4(11),48,deg,20,99,Passed,0.0002034
7.4.5 Power Test F_TEMP_MEAS_MOD OP4(11),70,deg,20,99,Passed,0.0004177
7.4.6 Power Test F_TEMP_MEAS_DRV OP4(11),60,deg,20,99,Passed,0.0001924
7.4.7 Power Test AN_CTP_COOLING_F OP4(11),51,deg,20,99,Passed,0.0002249
7.4.8 Power Test FSEVBLV_Voltage OP4(11),9,V,9,12,Passed,0.0001674
7.4.9 Power Test FSEVBHV_Voltage OP4(11),390,V,360,410,Passed,0.0002002
7.4.10 Power Test FTEABHV_UbatHV OP4(11),388,V,360,410,Passed,0.0002514
7.4.11 Power Test SAEABHV_Voltage OP4(11),390,V,360,410,Passed,0.0003294
7.8.1 Power Test U Current OP8(11),422.196616179477,A,400,500,Passed,0.1760706
7.8.2 Power Test V Current OP8(11),422.719859142451,A,400,500,Passed,0.1777895
7.8.3 Power Test W Current OP8(11),427.9377978761,A,400,500,Passed,0.1793686
7.8.4 Power Test F_TEMP_MEAS_CTL  OP8(11),48,deg,20,99,Passed,0.0002489
7.8.5 Power Test F_TEMP_MEAS_MOD OP8(11),71,deg,20,99,Passed,0.0001592
7.8.6 Power Test F_TEMP_MEAS_DRV OP8(11),61,deg,20,99,Passed,0.0003383
7.8.7 Power Test AN_CTP_COOLING_F OP8(11),52,deg,20,99,Passed,0.000178
7.8.8 Power Test FSEVBLV_Voltage OP8(11),15,V,14,17,Passed,0.0002263
7.8.9 Power Test FSEVBHV_Voltage OP8(11),390,V,360,410,Passed,0.0002217
7.8.10 Power Test FTEABHV_UbatHV OP8(11),387,V,360,410,Passed,0.0002193
7.8.11 Power Test SAEABHV_Voltage OP8(11),390,V,360,410,Passed,0.0005918
7.4.1 Power Test U Current OP4(12),420.92874210643,A,400,500,Passed,0.1738637
7.4.2 Power Test V Current OP4(12),422.906407206447,A,400,500,Passed,0.176375
7.4.3 Power Test W Current OP4(12),430.238960961211,A,400,500,Passed,0.1761981
7.4.4 Power Test F_TEMP_MEAS_CTL  OP4(12),49,deg,20,99,Passed,0.0001931
7.4.5 Power Test F_TEMP_MEAS_MOD OP4(12),71,deg,20,99,Passed,0.0001518
7.4.6 Power Test F_TEMP_MEAS_DRV OP4(12),62,deg,20,99,Passed,0.0001713
7.4.7 Power Test AN_CTP_COOLING_F OP4(12),52,deg,20,99,Passed,0.000196
7.4.8 Power Test FSEVBLV_Voltage OP4(12),9,V,9,12,Passed,0.000203
7.4.9 Power Test FSEVBHV_Voltage OP4(12),390,V,360,410,Passed,0.0001744
7.4.10 Power Test FTEABHV_UbatHV OP4(12),388,V,360,410,Passed,0.0002186
7.4.11 Power Test SAEABHV_Voltage OP4(12),390,V,360,410,Passed,0.0005134
7.8.1 Power Test U Current OP8(12),421.252762227854,A,400,500,Passed,0.1748937
7.8.2 Power Test V Current OP8(12),423.317238250763,A,400,500,Passed,0.1753178
7.8.3 Power Test W Current OP8(12),429.11400831679,A,400,500,Passed,0.1759629
7.8.4 Power Test F_TEMP_MEAS_CTL  OP8(12),50,deg,20,99,Passed,0.0001755
7.8.5 Power Test F_TEMP_MEAS_MOD OP8(12),72,deg,20,99,Passed,0.0003365
7.8.6 Power Test F_TEMP_MEAS_DRV OP8(12),63,deg,20,99,Passed,0.000172
7.8.7 Power Test AN_CTP_COOLING_F OP8(12),53,deg,20,99,Passed,0.0002359
7.8.8 Power Test FSEVBLV_Voltage OP8(12),15,V,14,17,Passed,0.0002574
7.8.9 Power Test FSEVBHV_Voltage OP8(12),389,V,360,410,Passed,0.0002094
7.8.10 Power Test FTEABHV_UbatHV OP8(12),387,V,360,410,Passed,0.0002415
7.8.11 Power Test SAEABHV_Voltage OP8(12),389,V,360,410,Passed,0.0002507
7.4.1 Power Test U Current OP4(13),422.678811138521,A,400,500,Passed,0.1905941
7.4.2 Power Test V Current OP4(13),423.722905385051,A,400,500,Passed,0.1800038
7.4.3 Power Test W Current OP4(13),428.257645849363,A,400,500,Passed,0.1782408
7.4.4 Power Test F_TEMP_MEAS_CTL  OP4(13),51,deg,20,99,Passed,0.0001871
7.4.5 Power Test F_TEMP_MEAS_MOD OP4(13),73,deg,20,99,Passed,0.0001649
7.4.6 Power Test F_TEMP_MEAS_DRV OP4(13),64,deg,20,99,Passed,0.0001861
7.4.7 Power Test AN_CTP_COOLING_F OP4(13),53,deg,20,99,Passed,0.0004566
7.4.8 Power Test FSEVBLV_Voltage OP4(13),9,V,9,12,Passed,0.0001942
7.4.9 Power Test FSEVBHV_Voltage OP4(13),390,V,360,410,Passed,0.0002006
7.4.10 Power Test FTEABHV_UbatHV OP4(13),387,V,360,410,Passed,0.0002334
7.4.11 Power Test SAEABHV_Voltage OP4(13),390,V,360,410,Passed,0.0002429
7.8.1 Power Test U Current OP8(13),420.093870997941,A,400,500,Passed,0.1839886
7.8.2 Power Test V Current OP8(13),425.085768898488,A,400,500,Passed,0.1869119
7.8.3 Power Test W Current OP8(13),426.968918053556,A,400,500,Passed,0.1876743
7.8.4 Power Test F_TEMP_MEAS_CTL  OP8(13),52,deg,20,99,Passed,0.000369
7.8.5 Power Test F_TEMP_MEAS_MOD OP8(13),73,deg,20,99,Passed,0.0001857
7.8.6 Power Test F_TEMP_MEAS_DRV OP8(13),65,deg,20,99,Passed,0.0004336
7.8.7 Power Test AN_CTP_COOLING_F OP8(13),54,deg,20,99,Passed,0.000191
7.8.8 Power Test FSEVBLV_Voltage OP8(13),15,V,14,17,Passed,0.0002175
7.8.9 Power Test FSEVBHV_Voltage OP8(13),389,V,360,410,Passed,0.0001967
7.8.10 Power Test FTEABHV_UbatHV OP8(13),387,V,360,410,Passed,0.0005978
7.8.11 Power Test SAEABHV_Voltage OP8(13),389,V,360,410,Passed,0.0004453
7.4.1 Power Test U Current OP4(14),422.835035934974,A,400,500,Passed,0.1830574
7.4.2 Power Test V Current OP4(14),424.469519604547,A,400,500,Passed,0.1813082
7.4.3 Power Test W Current OP4(14),428.568565066331,A,400,500,Passed,0.1797612
7.4.4 Power Test F_TEMP_MEAS_CTL  OP4(14),52,deg,20,99,Passed,0.0001705
7.4.5 Power Test F_TEMP_MEAS_MOD OP4(14),74,deg,20,99,Passed,0.0001949
7.4.6 Power Test F_TEMP_MEAS_DRV OP4(14),66,deg,20,99,Passed,0.0004117
7.4.7 Power Test AN_CTP_COOLING_F OP4(14),54,deg,20,99,Passed,0.0002807
7.4.8 Power Test FSEVBLV_Voltage OP4(14),9,V,9,12,Passed,0.0001656
7.4.9 Power Test FSEVBHV_Voltage OP4(14),390,V,360,410,Passed,0.000209
7.4.10 Power Test FTEABHV_UbatHV OP4(14),389,V,360,410,Passed,0.0004329
7.4.11 Power Test SAEABHV_Voltage OP4(14),390,V,360,410,Passed,0.0006243
7.8.1 Power Test U Current OP8(14),419.626869583207,A,400,500,Passed,0.1791874
7.8.2 Power Test V Current OP8(14),426.365686234982,A,400,500,Passed,0.1765261
7.8.3 Power Test W Current OP8(14),428.941066467195,A,400,500,Passed,0.178859
7.8.4 Power Test F_TEMP_MEAS_CTL  OP8(14),53,deg,20,99,Passed,0.0001893
7.8.5 Power Test F_TEMP_MEAS_MOD OP8(14),74,deg,20,99,Passed,0.0001797
7.8.6 Power Test F_TEMP_MEAS_DRV OP8(14),66,deg,20,99,Passed,0.0001571
7.8.7 Power Test AN_CTP_COOLING_F OP8(14),55,deg,20,99,Passed,0.0002302
7.8.8 Power Test FSEVBLV_Voltage OP8(14),15,V,14,17,Passed,0.0004435
7.8.9 Power Test FSEVBHV_Voltage OP8(14),389,V,360,410,Passed,0.0002288
7.8.10 Power Test FTEABHV_UbatHV OP8(14),388,V,360,410,Passed,0.0003602
7.8.11 Power Test SAEABHV_Voltage OP8(14),389,V,360,410,Passed,0.0002955
7.4.1 Power Test U Current OP4(15),421.890186051952,A,400,500,Passed,0.3076342
7.4.2 Power Test V Current OP4(15),422.423390709584,A,400,500,Passed,0.1827086
7.4.3 Power Test W Current OP4(15),426.028004746601,A,400,500,Passed,0.1828491
7.4.4 Power Test F_TEMP_MEAS_CTL  OP4(15),54,deg,20,99,Passed,0.000178
7.4.5 Power Test F_TEMP_MEAS_MOD OP4(15),74,deg,20,99,Passed,0.0002126
7.4.6 Power Test F_TEMP_MEAS_DRV OP4(15),67,deg,20,99,Passed,0.0001571
7.4.7 Power Test AN_CTP_COOLING_F OP4(15),55,deg,20,99,Passed,0.0002549
7.4.8 Power Test FSEVBLV_Voltage OP4(15),9,V,9,12,Passed,0.0006268
7.4.9 Power Test FSEVBHV_Voltage OP4(15),389,V,360,410,Passed,0.0014527
7.4.10 Power Test FTEABHV_UbatHV OP4(15),387,V,360,410,Passed,0.0003753
7.4.11 Power Test SAEABHV_Voltage OP4(15),389,V,360,410,Passed,0.0006423
7.8.1 Power Test U Current OP8(15),420.793352740265,A,400,500,Passed,0.1782888
7.8.2 Power Test V Current OP8(15),423.577065687687,A,400,500,Passed,0.1773509
7.8.3 Power Test W Current OP8(15),429.826917049101,A,400,500,Passed,0.1786712
7.8.4 Power Test F_TEMP_MEAS_CTL  OP8(15),54,deg,20,99,Passed,0.0001963
7.8.5 Power Test F_TEMP_MEAS_MOD OP8(15),75,deg,20,99,Passed,0.0001801
7.8.6 Power Test F_TEMP_MEAS_DRV OP8(15),68,deg,20,99,Passed,0.0003584
7.8.7 Power Test AN_CTP_COOLING_F OP8(15),55,deg,20,99,Passed,0.0001713
7.8.8 Power Test FSEVBLV_Voltage OP8(15),15,V,14,17,Passed,0.0001818
7.8.9 Power Test FSEVBHV_Voltage OP8(15),390,V,360,410,Passed,0.0001836
7.8.10 Power Test FTEABHV_UbatHV OP8(15),388,V,360,410,Passed,0.0002034
7.8.11 Power Test SAEABHV_Voltage OP8(15),390,V,360,410,Passed,0.0002754
7.4.1 Power Test U Current OP4(16),420.49150231359,A,400,500,Passed,0.1806394
7.4.2 Power Test V Current OP4(16),423.650471350662,A,400,500,Passed,0.1785646
7.4.3 Power Test W Current OP4(16),428.597282456562,A,400,500,Passed,0.1779
7.4.4 Power Test F_TEMP_MEAS_CTL  OP4(16),55,deg,20,99,Passed,0.0001889
7.4.5 Power Test F_TEMP_MEAS_MOD OP4(16),75,deg,20,99,Passed,0.0001536
7.4.6 Power Test F_TEMP_MEAS_DRV OP4(16),69,deg,20,99,Passed,0.0003531
7.4.7 Power Test AN_CTP_COOLING_F OP4(16),56,deg,20,99,Passed,0.0002023
7.4.8 Power Test FSEVBLV_Voltage OP4(16),9,V,9,12,Passed,0.0001921
7.4.9 Power Test FSEVBHV_Voltage OP4(16),390,V,360,410,Passed,0.0004364
7.4.10 Power Test FTEABHV_UbatHV OP4(16),388,V,360,410,Passed,0.0002249
7.4.11 Power Test SAEABHV_Voltage OP4(16),390,V,360,410,Passed,0.0002182
7.8.1 Power Test U Current OP8(16),422.385854211644,A,400,500,Passed,0.1821094
7.8.2 Power Test V Current OP8(16),423.049803897771,A,400,500,Passed,0.1764639
7.8.3 Power Test W Current OP8(16),431.119724654402,A,400,500,Passed,0.1832248
7.8.4 Power Test F_TEMP_MEAS_CTL  OP8(16),56,deg,20,99,Passed,0.0001811
7.8.5 Power Test F_TEMP_MEAS_MOD OP8(16),73,deg,20,99,Passed,0.0002246
7.8.6 Power Test F_TEMP_MEAS_DRV OP8(16),70,deg,20,99,Passed,0.0001589
7.8.7 Power Test AN_CTP_COOLING_F OP8(16),56,deg,20,99,Passed,0.0001847
7.8.8 Power Test FSEVBLV_Voltage OP8(16),15,V,14,17,Passed,0.0001691
7.8.9 Power Test FSEVBHV_Voltage OP8(16),390,V,360,410,Passed,0.0002094
7.8.10 Power Test FTEABHV_UbatHV OP8(16),389,V,360,410,Passed,0.0004138
7.8.11 Power Test SAEABHV_Voltage OP8(16),390,V,360,410,Passed,0.0002634
7.4.1 Power Test U Current OP4(17),418.884752381473,A,400,500,Passed,0.1881365
7.4.2 Power Test V Current OP4(17),423.786882695477,A,400,500,Passed,0.1860129
7.4.3 Power Test W Current OP4(17),428.521026609555,A,400,500,Passed,0.1794166
7.4.4 Power Test F_TEMP_MEAS_CTL  OP4(17),56,deg,20,99,Passed,0.0001818
7.4.5 Power Test F_TEMP_MEAS_MOD OP4(17),71,deg,20,99,Passed,0.0001769
7.4.6 Power Test F_TEMP_MEAS_DRV OP4(17),71,deg,20,99,Passed,0.0001628
7.4.7 Power Test AN_CTP_COOLING_F OP4(17),55,deg,20,99,Passed,0.000191
7.4.8 Power Test FSEVBLV_Voltage OP4(17),9,V,9,12,Passed,0.000196
7.4.9 Power Test FSEVBHV_Voltage OP4(17),393,V,360,410,Passed,0.0002108
7.4.10 Power Test FTEABHV_UbatHV OP4(17),390,V,360,410,Passed,0.0002242
7.4.11 Power Test SAEABHV_Voltage OP4(17),393,V,360,410,Passed,0.000488
7.8.1 Power Test U Current OP8(17),421.054982508085,A,400,500,Passed,0.1820204
7.8.2 Power Test V Current OP8(17),423.856984394168,A,400,500,Passed,0.1794847
7.8.3 Power Test W Current OP8(17),429.354601748503,A,400,500,Passed,0.1789021
7.8.4 Power Test F_TEMP_MEAS_CTL  OP8(17),57,deg,20,99,Passed,0.000191
7.8.5 Power Test F_TEMP_MEAS_MOD OP8(17),71,deg,20,99,Passed,0.0001716
7.8.6 Power Test F_TEMP_MEAS_DRV OP8(17),71,deg,20,99,Passed,0.0002002
7.8.7 Power Test AN_CTP_COOLING_F OP8(17),55,deg,20,99,Passed,0.0001677
7.8.8 Power Test FSEVBLV_Voltage OP8(17),15,V,14,17,Passed,0.0002443
7.8.9 Power Test FSEVBHV_Voltage OP8(17),390,V,360,410,Passed,0.0004707
7.8.10 Power Test FTEABHV_UbatHV OP8(17),388,V,360,410,Passed,0.0002069
7.8.11 Power Test SAEABHV_Voltage OP8(17),390,V,360,410,Passed,0.0002122
7.4.1 Power Test U Current OP4(18),420.122929806128,A,400,500,Passed,0.1826803
7.4.2 Power Test V Current OP4(18),423.992306629795,A,400,500,Passed,0.1834826
7.4.3 Power Test W Current OP4(18),430.397204734793,A,400,500,Passed,0.1873455
7.4.4 Power Test F_TEMP_MEAS_CTL  OP4(18),57,deg,20,99,Passed,0.0002041
7.4.5 Power Test F_TEMP_MEAS_MOD OP4(18),70,deg,20,99,Passed,0.0001804
7.4.6 Power Test F_TEMP_MEAS_DRV OP4(18),72,deg,20,99,Passed,0.0001727
7.4.7 Power Test AN_CTP_COOLING_F OP4(18),54,deg,20,99,Passed,0.0001939
7.4.8 Power Test FSEVBLV_Voltage OP4(18),9,V,9,12,Passed,0.0001896
7.4.9 Power Test FSEVBHV_Voltage OP4(18),390,V,360,410,Passed,0.0003005
7.4.10 Power Test FTEABHV_UbatHV OP4(18),388,V,360,410,Passed,0.0002235
7.4.11 Power Test SAEABHV_Voltage OP4(18),390,V,360,410,Passed,0.0006592
7.8.1 Power Test U Current OP8(18),420.924648269839,A,400,500,Passed,0.1783089
7.8.2 Power Test V Current OP8(18),423.50984061356,A,400,500,Passed,0.1781917
7.8.3 Power Test W Current OP8(18),431.847789589812,A,400,500,Passed,0.1848886
7.8.4 Power Test F_TEMP_MEAS_CTL  OP8(18),58,deg,20,99,Passed,0.0002722
7.8.5 Power Test F_TEMP_MEAS_MOD OP8(18),69,deg,20,99,Passed,0.0001688
7.8.6 Power Test F_TEMP_MEAS_DRV OP8(18),73,deg,20,99,Passed,0.0003605
7.8.7 Power Test AN_CTP_COOLING_F OP8(18),54,deg,20,99,Passed,0.0003962
7.8.8 Power Test FSEVBLV_Voltage OP8(18),15,V,14,17,Passed,0.000179
7.8.9 Power Test FSEVBHV_Voltage OP8(18),389,V,360,410,Passed,0.0005576
7.8.10 Power Test FTEABHV_UbatHV OP8(18),387,V,360,410,Passed,0.000518
7.8.11 Power Test SAEABHV_Voltage OP8(18),391,V,360,410,Passed,0.0007765
7.4.1 Power Test U Current OP4(19),419.920011233432,A,400,500,Passed,0.1796376
7.4.2 Power Test V Current OP4(19),423.355162348532,A,400,500,Passed,0.1800557
7.4.3 Power Test W Current OP4(19),429.920245178022,A,400,500,Passed,0.1921139
7.4.4 Power Test F_TEMP_MEAS_CTL  OP4(19),58,deg,20,99,Passed,0.0001766
7.4.5 Power Test F_TEMP_MEAS_MOD OP4(19),69,deg,20,99,Passed,0.0001787
7.4.6 Power Test F_TEMP_MEAS_DRV OP4(19),73,deg,20,99,Passed,0.0001737
7.4.7 Power Test AN_CTP_COOLING_F OP4(19),53,deg,20,99,Passed,0.0001928
7.4.8 Power Test FSEVBLV_Voltage OP4(19),9,V,9,12,Passed,0.0001797
7.4.9 Power Test FSEVBHV_Voltage OP4(19),390,V,360,410,Passed,0.0002034
7.4.10 Power Test FTEABHV_UbatHV OP4(19),387,V,360,410,Passed,0.0002073
7.4.11 Power Test SAEABHV_Voltage OP4(19),390,V,360,410,Passed,0.0002147
7.8.1 Power Test U Current OP8(19),422.643815696751,A,400,500,Passed,0.1850412
7.8.2 Power Test V Current OP8(19),422.517353516936,A,400,500,Passed,0.1869674
7.8.3 Power Test W Current OP8(19),427.825048047278,A,400,500,Passed,0.1815723
7.8.4 Power Test F_TEMP_MEAS_CTL  OP8(19),59,deg,20,99,Passed,0.00019
7.8.5 Power Test F_TEMP_MEAS_MOD OP8(19),70,deg,20,99,Passed,0.0001794
7.8.6 Power Test F_TEMP_MEAS_DRV OP8(19),74,deg,20,99,Passed,0.000155
7.8.7 Power Test AN_CTP_COOLING_F OP8(19),53,deg,20,99,Passed,0.00022
7.8.8 Power Test FSEVBLV_Voltage OP8(19),15,V,14,17,Passed,0.0002366
7.8.9 Power Test FSEVBHV_Voltage OP8(19),389,V,360,410,Passed,0.0003736
7.8.10 Power Test FTEABHV_UbatHV OP8(19),388,V,360,410,Passed,0.0002373
7.8.11 Power Test SAEABHV_Voltage OP8(19),389,V,360,410,Passed,0.0005763
7.4.1 Power Test U Current OP4(20),422.993865391293,A,400,500,Passed,0.1800797
7.4.2 Power Test V Current OP4(20),421.423146923248,A,400,500,Passed,0.1851697
7.4.3 Power Test W Current OP4(20),427.88620986621,A,400,500,Passed,0.1808092
7.4.4 Power Test F_TEMP_MEAS_CTL  OP4(20),59,deg,20,99,Passed,0.0001766
7.4.5 Power Test F_TEMP_MEAS_MOD OP4(20),71,deg,20,99,Passed,0.0001663
7.4.6 Power Test F_TEMP_MEAS_DRV OP4(20),74,deg,20,99,Passed,0.0001875
7.4.7 Power Test AN_CTP_COOLING_F OP4(20),54,deg,20,99,Passed,0.0001677
7.4.8 Power Test FSEVBLV_Voltage OP4(20),9,V,9,12,Passed,0.0002175
7.4.9 Power Test FSEVBHV_Voltage OP4(20),390,V,360,410,Passed,0.0001804
7.4.10 Power Test FTEABHV_UbatHV OP4(20),388,V,360,410,Passed,0.0002779
7.4.11 Power Test SAEABHV_Voltage OP4(20),390,V,360,410,Passed,0.000221
7.8.1 Power Test U Current OP8(20),420.9128758851,A,400,500,Passed,0.1751762
7.8.2 Power Test V Current OP8(20),424.522201261076,A,400,500,Passed,0.1758806
7.8.3 Power Test W Current OP8(20),429.746532054547,A,400,500,Passed,0.1755053
7.8.4 Power Test F_TEMP_MEAS_CTL  OP8(20),59,deg,20,99,Passed,0.0001727
7.8.5 Power Test F_TEMP_MEAS_MOD OP8(20),72,deg,20,99,Passed,0.0002016
7.8.6 Power Test F_TEMP_MEAS_DRV OP8(20),75,deg,20,99,Passed,0.0001818
7.8.7 Power Test AN_CTP_COOLING_F OP8(20),54,deg,20,99,Passed,0.0002097
7.8.8 Power Test FSEVBLV_Voltage OP8(20),15,V,14,17,Passed,0.0001677
7.8.9 Power Test FSEVBHV_Voltage OP8(20),390,V,360,410,Passed,0.0001769
7.8.10 Power Test FTEABHV_UbatHV OP8(20),388,V,360,410,Passed,0.0002214
7.8.11 Power Test SAEABHV_Voltage OP8(20),390,V,360,410,Passed,0.0002927
7.4.1 Power Test U Current OP4(21),421.103201919391,A,400,500,Passed,0.1777962
7.4.2 Power Test V Current OP4(21),424.960982737179,A,400,500,Passed,0.1823202
7.4.3 Power Test W Current OP4(21),430.099911817478,A,400,500,Passed,0.1796715
7.4.4 Power Test F_TEMP_MEAS_CTL  OP4(21),60,deg,20,99,Passed,0.0002122
7.4.5 Power Test F_TEMP_MEAS_MOD OP4(21),72,deg,20,99,Passed,0.0001748
7.4.6 Power Test F_TEMP_MEAS_DRV OP4(21),75,deg,20,99,Passed,0.0001773
7.4.7 Power Test AN_CTP_COOLING_F OP4(21),55,deg,20,99,Passed,0.0001766
7.4.8 Power Test FSEVBLV_Voltage OP4(21),9,V,9,12,Passed,0.0003309
7.4.9 Power Test FSEVBHV_Voltage OP4(21),392,V,360,410,Passed,0.0002507
7.4.10 Power Test FTEABHV_UbatHV OP4(21),390,V,360,410,Passed,0.0005498
7.4.11 Power Test SAEABHV_Voltage OP4(21),392,V,360,410,Passed,0.0004357
7.8.1 Power Test U Current OP8(21),421.149045374487,A,400,500,Passed,0.180395
7.8.2 Power Test V Current OP8(21),425.882439738865,A,400,500,Passed,0.1793672
7.8.3 Power Test W Current OP8(21),428.365062981733,A,400,500,Passed,0.1845182
7.8.4 Power Test F_TEMP_MEAS_CTL  OP8(21),60,deg,20,99,Passed,0.0002104
7.8.5 Power Test F_TEMP_MEAS_MOD OP8(21),73,deg,20,99,Passed,0.0001857
7.8.6 Power Test F_TEMP_MEAS_DRV OP8(21),76,deg,20,99,Passed,0.0003439
7.8.7 Power Test AN_CTP_COOLING_F OP8(21),55,deg,20,99,Passed,0.0001684
7.8.8 Power Test FSEVBLV_Voltage OP8(21),15,V,14,17,Passed,0.0002408
7.8.9 Power Test FSEVBHV_Voltage OP8(21),390,V,360,410,Passed,0.0001924
7.8.10 Power Test FTEABHV_UbatHV OP8(21),388,V,360,410,Passed,0.000411
7.8.11 Power Test SAEABHV_Voltage OP8(21),390,V,360,410,Passed,0.000298
7.4.1 Power Test U Current OP4(22),420.422640463729,A,400,500,Passed,0.1831436
7.4.2 Power Test V Current OP4(22),424.479392238894,A,400,500,Passed,0.1874455
7.4.3 Power Test W Current OP4(22),429.229029699971,A,400,500,Passed,0.1788255
7.4.4 Power Test F_TEMP_MEAS_CTL  OP4(22),61,deg,20,99,Passed,0.0002073
7.4.5 Power Test F_TEMP_MEAS_MOD OP4(22),73,deg,20,99,Passed,0.0001727
7.4.6 Power Test F_TEMP_MEAS_DRV OP4(22),76,deg,20,99,Passed,0.0002892
7.4.7 Power Test AN_CTP_COOLING_F OP4(22),55,deg,20,99,Passed,0.0003881
7.4.8 Power Test FSEVBLV_Voltage OP4(22),9,V,9,12,Passed,0.0001924
7.4.9 Power Test FSEVBHV_Voltage OP4(22),389,V,360,410,Passed,0.000458
7.4.10 Power Test FTEABHV_UbatHV OP4(22),387,V,360,410,Passed,0.0002175
7.4.11 Power Test SAEABHV_Voltage OP4(22),389,V,360,410,Passed,0.0002881
7.8.1 Power Test U Current OP8(22),424.552583649032,A,400,500,Passed,0.1855768
7.8.2 Power Test V Current OP8(22),424.590015366445,A,400,500,Passed,0.1838113
7.8.3 Power Test W Current OP8(22),430.46641316995,A,400,500,Passed,0.1812188
7.8.4 Power Test F_TEMP_MEAS_CTL  OP8(22),61,deg,20,99,Passed,0.0001737
7.8.5 Power Test F_TEMP_MEAS_MOD OP8(22),74,deg,20,99,Passed,0.000185
7.8.6 Power Test F_TEMP_MEAS_DRV OP8(22),76,deg,20,99,Passed,0.0001617
7.8.7 Power Test AN_CTP_COOLING_F OP8(22),56,deg,20,99,Passed,0.0001935
7.8.8 Power Test FSEVBLV_Voltage OP8(22),15,V,14,17,Passed,0.0001833
7.8.9 Power Test FSEVBHV_Voltage OP8(22),389,V,360,410,Passed,0.0004968
7.8.10 Power Test FTEABHV_UbatHV OP8(22),387,V,360,410,Passed,0.0002221
7.8.11 Power Test SAEABHV_Voltage OP8(22),389,V,360,410,Passed,0.0003153
7.4.1 Power Test U Current OP4(23),422.08554621875,A,400,500,Passed,0.1777454
7.4.2 Power Test V Current OP4(23),424.080850600129,A,400,500,Passed,0.1756186
7.4.3 Power Test W Current OP4(23),430.113922619133,A,400,500,Passed,0.1741832
7.4.4 Power Test F_TEMP_MEAS_CTL  OP4(23),61,deg,20,99,Passed,0.0001737
7.4.5 Power Test F_TEMP_MEAS_MOD OP4(23),74,deg,20,99,Passed,0.0001638
7.4.6 Power Test F_TEMP_MEAS_DRV OP4(23),77,deg,20,99,Passed,0.0002885
7.4.7 Power Test AN_CTP_COOLING_F OP4(23),56,deg,20,99,Passed,0.0001882
7.4.8 Power Test FSEVBLV_Voltage OP4(23),9,V,9,12,Passed,0.0001561
7.4.9 Power Test FSEVBHV_Voltage OP4(23),389,V,360,410,Passed,0.000173
7.4.10 Power Test FTEABHV_UbatHV OP4(23),387,V,360,410,Passed,0.0002235
7.4.11 Power Test SAEABHV_Voltage OP4(23),389,V,360,410,Passed,0.0005247
7.8.1 Power Test U Current OP8(23),422.196468626671,A,400,500,Passed,0.1806878
7.8.2 Power Test V Current OP8(23),425.673870157116,A,400,500,Passed,0.1784929
7.8.3 Power Test W Current OP8(23),430.105742918212,A,400,500,Passed,0.1805529
7.8.4 Power Test F_TEMP_MEAS_CTL  OP8(23),62,deg,20,99,Passed,0.0001977
7.8.5 Power Test F_TEMP_MEAS_MOD OP8(23),75,deg,20,99,Passed,0.0002002
7.8.6 Power Test F_TEMP_MEAS_DRV OP8(23),77,deg,20,99,Passed,0.0001667
7.8.7 Power Test AN_CTP_COOLING_F OP8(23),56,deg,20,99,Passed,0.0002595
7.8.8 Power Test FSEVBLV_Voltage OP8(23),15,V,14,17,Passed,0.0001734
7.8.9 Power Test FSEVBHV_Voltage OP8(23),393,V,360,410,Passed,0.0002172
7.8.10 Power Test FTEABHV_UbatHV OP8(23),390,V,360,410,Passed,0.000214
7.8.11 Power Test SAEABHV_Voltage OP8(23),393,V,360,410,Passed,0.0003316
7.4.1 Power Test U Current OP4(24),422.130597400921,A,400,500,Passed,0.1827785
7.4.2 Power Test V Current OP4(24),425.066852895279,A,400,500,Passed,0.1762839
7.4.3 Power Test W Current OP4(24),429.961745957098,A,400,500,Passed,0.1784357
7.4.4 Power Test F_TEMP_MEAS_CTL  OP4(24),62,deg,20,99,Passed,0.00019
7.4.5 Power Test F_TEMP_MEAS_MOD OP4(24),75,deg,20,99,Passed,0.0001631
7.4.6 Power Test F_TEMP_MEAS_DRV OP4(24),78,deg,20,99,Passed,0.0003753
7.4.7 Power Test AN_CTP_COOLING_F OP4(24),57,deg,20,99,Passed,0.0001946
7.4.8 Power Test FSEVBLV_Voltage OP4(24),9,V,9,12,Passed,0.0001667
7.4.9 Power Test FSEVBHV_Voltage OP4(24),390,V,360,410,Passed,0.0001942
7.4.10 Power Test FTEABHV_UbatHV OP4(24),388,V,360,410,Passed,0.0003814
7.4.11 Power Test SAEABHV_Voltage OP4(24),390,V,360,410,Passed,0.0005978
7.8.1 Power Test U Current OP8(24),419.919624384274,A,400,500,Passed,0.1775501
7.8.2 Power Test V Current OP8(24),426.315032413964,A,400,500,Passed,0.1771257
7.8.3 Power Test W Current OP8(24),429.853138343656,A,400,500,Passed,0.1830772
7.8.4 Power Test F_TEMP_MEAS_CTL  OP8(24),62,deg,20,99,Passed,0.0002447
7.8.5 Power Test F_TEMP_MEAS_MOD OP8(24),75,deg,20,99,Passed,0.0016087
7.8.6 Power Test F_TEMP_MEAS_DRV OP8(24),78,deg,20,99,Passed,0.0001797
7.8.7 Power Test AN_CTP_COOLING_F OP8(24),57,deg,20,99,Passed,0.000179
7.8.8 Power Test FSEVBLV_Voltage OP8(24),15,V,14,17,Passed,0.001637
7.8.9 Power Test FSEVBHV_Voltage OP8(24),389,V,360,410,Passed,0.0002285
7.8.10 Power Test FTEABHV_UbatHV OP8(24),387,V,360,410,Passed,0.0002489
7.8.11 Power Test SAEABHV_Voltage OP8(24),389,V,360,410,Passed,0.0002977
7.4.1 Power Test U Current OP4(25),419.959676002458,A,400,500,Passed,0.1784173
7.4.2 Power Test V Current OP4(25),425.693341370428,A,400,500,Passed,0.1774766
7.4.3 Power Test W Current OP4(25),428.472213371217,A,400,500,Passed,0.1836231
7.4.4 Power Test F_TEMP_MEAS_CTL  OP4(25),63,deg,20,99,Passed,0.0001762
7.4.5 Power Test F_TEMP_MEAS_MOD OP4(25),74,deg,20,99,Passed,0.0004025
7.4.6 Power Test F_TEMP_MEAS_DRV OP4(25),78,deg,20,99,Passed,0.0001818
7.4.7 Power Test AN_CTP_COOLING_F OP4(25),57,deg,20,99,Passed,0.00019
7.4.8 Power Test FSEVBLV_Voltage OP4(25),9,V,9,12,Passed,0.0001734
7.4.9 Power Test FSEVBHV_Voltage OP4(25),390,V,360,410,Passed,0.0005346
7.4.10 Power Test FTEABHV_UbatHV OP4(25),387,V,360,410,Passed,0.0002037
7.4.11 Power Test SAEABHV_Voltage OP4(25),390,V,360,410,Passed,0.0002242
7.8.1 Power Test U Current OP8(25),420.294046433525,A,400,500,Passed,0.1770575
7.8.2 Power Test V Current OP8(25),426.149093458354,A,400,500,Passed,0.1770713
7.8.3 Power Test W Current OP8(25),429.761090561791,A,400,500,Passed,0.1756331
7.8.4 Power Test F_TEMP_MEAS_CTL  OP8(25),63,deg,20,99,Passed,0.0001624
7.8.5 Power Test F_TEMP_MEAS_MOD OP8(25),72,deg,20,99,Passed,0.0001907
7.8.6 Power Test F_TEMP_MEAS_DRV OP8(25),79,deg,20,99,Passed,0.0003679
7.8.7 Power Test AN_CTP_COOLING_F OP8(25),57,deg,20,99,Passed,0.0002285
7.8.8 Power Test FSEVBLV_Voltage OP8(25),15,V,14,17,Passed,0.0001829
7.8.9 Power Test FSEVBHV_Voltage OP8(25),389,V,360,410,Passed,0.0002097
7.8.10 Power Test FTEABHV_UbatHV OP8(25),387,V,360,410,Passed,0.0002189
7.8.11 Power Test SAEABHV_Voltage OP8(25),389,V,360,410,Passed,0.0002345
7.4.1 Power Test U Current OP4(26),420.846548407032,A,400,500,Passed,0.1777108
7.4.2 Power Test V Current OP4(26),426.155514947508,A,400,500,Passed,0.1774795
7.4.3 Power Test W Current OP4(26),428.93865303157,A,400,500,Passed,0.1763125
7.4.4 Power Test F_TEMP_MEAS_CTL  OP4(26),63,deg,20,99,Passed,0.0001691
7.4.5 Power Test F_TEMP_MEAS_MOD OP4(26),71,deg,20,99,Passed,0.0001557
7.4.6 Power Test F_TEMP_MEAS_DRV OP4(26),79,deg,20,99,Passed,0.0004597
7.4.7 Power Test AN_CTP_COOLING_F OP4(26),56,deg,20,99,Passed,0.0003118
7.4.8 Power Test FSEVBLV_Voltage OP4(26),9,V,9,12,Passed,0.000191
7.4.9 Power Test FSEVBHV_Voltage OP4(26),392,V,360,410,Passed,0.0005155
7.4.10 Power Test FTEABHV_UbatHV OP4(26),390,V,360,410,Passed,0.0002161
7.4.11 Power Test SAEABHV_Voltage OP4(26),392,V,360,410,Passed,0.0002821
7.8.1 Power Test U Current OP8(26),421.135515608281,A,400,500,Passed,0.1750529
7.8.2 Power Test V Current OP8(26),427.150129210024,A,400,500,Passed,0.1757779
7.8.3 Power Test W Current OP8(26),429.352551051096,A,400,500,Passed,0.1771857
7.8.4 Power Test F_TEMP_MEAS_CTL  OP8(26),63,deg,20,99,Passed,0.0001695
7.8.5 Power Test F_TEMP_MEAS_MOD OP8(26),71,deg,20,99,Passed,0.000209
7.8.6 Power Test F_TEMP_MEAS_DRV OP8(26),79,deg,20,99,Passed,0.0001833
7.8.7 Power Test AN_CTP_COOLING_F OP8(26),55,deg,20,99,Passed,0.0001681
7.8.8 Power Test FSEVBLV_Voltage OP8(26),15,V,14,17,Passed,0.0004491
7.8.9 Power Test FSEVBHV_Voltage OP8(26),390,V,360,410,Passed,0.0005046
7.8.10 Power Test FTEABHV_UbatHV OP8(26),387,V,360,410,Passed,0.0003001
7.8.11 Power Test SAEABHV_Voltage OP8(26),390,V,360,410,Passed,0.0002733
7.4.1 Power Test U Current OP4(27),420.982456526863,A,400,500,Passed,0.1805677
7.4.2 Power Test V Current OP4(27),424.344123382939,A,400,500,Passed,0.185824
7.4.3 Power Test W Current OP4(27),429.28469337826,A,400,500,Passed,0.21181
7.4.4 Power Test F_TEMP_MEAS_CTL  OP4(27),64,deg,20,99,Passed,0.0004343
7.4.5 Power Test F_TEMP_MEAS_MOD OP4(27),72,deg,20,99,Passed,0.0015515
7.4.6 Power Test F_TEMP_MEAS_DRV OP4(27),80,deg,20,99,Passed,0.0014159
7.4.7 Power Test AN_CTP_COOLING_F OP4(27),55,deg,20,99,Passed,0.0001843
7.4.8 Power Test FSEVBLV_Voltage OP4(27),9,V,9,12,Passed,0.0001773
7.4.9 Power Test FSEVBHV_Voltage OP4(27),390,V,360,410,Passed,0.0002182
7.4.10 Power Test FTEABHV_UbatHV OP4(27),388,V,360,410,Passed,0.0002165
7.4.11 Power Test SAEABHV_Voltage OP4(27),390,V,360,410,Passed,0.0005085
7.8.1 Power Test U Current OP8(27),421.43120585668,A,400,500,Passed,0.1802831
7.8.2 Power Test V Current OP8(27),424.862712980208,A,400,500,Passed,0.1770176
7.8.3 Power Test W Current OP8(27),430.45448290777,A,400,500,Passed,0.1792457
7.8.4 Power Test F_TEMP_MEAS_CTL  OP8(27),64,deg,20,99,Passed,0.000208
7.8.5 Power Test F_TEMP_MEAS_MOD OP8(27),72,deg,20,99,Passed,0.0001702
7.8.6 Power Test F_TEMP_MEAS_DRV OP8(27),80,deg,20,99,Passed,0.0004011
7.8.7 Power Test AN_CTP_COOLING_F OP8(27),56,deg,20,99,Passed,0.0001783
7.8.8 Power Test FSEVBLV_Voltage OP8(27),15,V,14,17,Passed,0.0001808
7.8.9 Power Test FSEVBHV_Voltage OP8(27),390,V,360,410,Passed,0.0001921
7.8.10 Power Test FTEABHV_UbatHV OP8(27),388,V,360,410,Passed,0.0006275
7.8.11 Power Test SAEABHV_Voltage OP8(27),390,V,360,410,Passed,0.0002189
7.4.1 Power Test U Current OP4(28),421.933014482469,A,400,500,Passed,0.1772012
7.4.2 Power Test V Current OP4(28),425.49949072142,A,400,500,Passed,0.176548
7.4.3 Power Test W Current OP4(28),431.369035483919,A,400,500,Passed,0.1756617
7.4.4 Power Test F_TEMP_MEAS_CTL  OP4(28),64,deg,20,99,Passed,0.0002207
7.4.5 Power Test F_TEMP_MEAS_MOD OP4(28),73,deg,20,99,Passed,0.0001896
7.4.6 Power Test F_TEMP_MEAS_DRV OP4(28),80,deg,20,99,Passed,0.0001691
7.4.7 Power Test AN_CTP_COOLING_F OP4(28),56,deg,20,99,Passed,0.0001886
7.4.8 Power Test FSEVBLV_Voltage OP4(28),9,V,9,12,Passed,0.000232
7.4.9 Power Test FSEVBHV_Voltage OP4(28),390,V,360,410,Passed,0.0002338
7.4.10 Power Test FTEABHV_UbatHV OP4(28),390,V,360,410,Passed,0.0002249
7.4.11 Power Test SAEABHV_Voltage OP4(28),390,V,360,410,Passed,0.000221
7.8.1 Power Test U Current OP8(28),421.581633053304,A,400,500,Passed,0.1841055
7.8.2 Power Test V Current OP8(28),424.575351339995,A,400,500,Passed,0.1760162
7.8.3 Power Test W Current OP8(28),430.397310299198,A,400,500,Passed,0.1773714
7.8.4 Power Test F_TEMP_MEAS_CTL  OP8(28),64,deg,20,99,Passed,0.0001705
7.8.5 Power Test F_TEMP_MEAS_MOD OP8(28),73,deg,20,99,Passed,0.0001628
7.8.6 Power Test F_TEMP_MEAS_DRV OP8(28),80,deg,20,99,Passed,0.0003482
7.8.7 Power Test AN_CTP_COOLING_F OP8(28),56,deg,20,99,Passed,0.0001939
7.8.8 Power Test FSEVBLV_Voltage OP8(28),15,V,14,17,Passed,0.0001992
7.8.9 Power Test FSEVBHV_Voltage OP8(28),389,V,360,410,Passed,0.000238
7.8.10 Power Test FTEABHV_UbatHV OP8(28),387,V,360,410,Passed,0.0004523
7.8.11 Power Test SAEABHV_Voltage OP8(28),389,V,360,410,Passed,0.0002203
7.4.1 Power Test U Current OP4(29),422.524122115137,A,400,500,Passed,0.1820832
7.4.2 Power Test V Current OP4(29),423.362700664942,A,400,500,Passed,0.1755413
7.4.3 Power Test W Current OP4(29),430.064158813269,A,400,500,Passed,0.1772623
7.4.4 Power Test F_TEMP_MEAS_CTL  OP4(29),65,deg,20,99,Passed,0.0002366
7.4.5 Power Test F_TEMP_MEAS_MOD OP4(29),74,deg,20,99,Passed,0.0001582
7.4.6 Power Test F_TEMP_MEAS_DRV OP4(29),81,deg,20,99,Passed,0.0003912
7.4.7 Power Test AN_CTP_COOLING_F OP4(29),56,deg,20,99,Passed,0.0001691
7.4.8 Power Test FSEVBLV_Voltage OP4(29),9,V,9,12,Passed,0.0002489
7.4.9 Power Test FSEVBHV_Voltage OP4(29),389,V,360,410,Passed,0.0002341
7.4.10 Power Test FTEABHV_UbatHV OP4(29),387,V,360,410,Passed,0.0004283
7.4.11 Power Test SAEABHV_Voltage OP4(29),389,V,360,410,Passed,0.0002175
7.8.1 Power Test U Current OP8(29),423.269085351694,A,400,500,Passed,0.1738842
7.8.2 Power Test V Current OP8(29),423.435042091524,A,400,500,Passed,0.1755582
7.8.3 Power Test W Current OP8(29),429.76422195381,A,400,500,Passed,0.1743707
7.8.4 Power Test F_TEMP_MEAS_CTL  OP8(29),65,deg,20,99,Passed,0.0002147
7.8.5 Power Test F_TEMP_MEAS_MOD OP8(29),74,deg,20,99,Passed,0.0002094
7.8.6 Power Test F_TEMP_MEAS_DRV OP8(29),81,deg,20,99,Passed,0.0001758
7.8.7 Power Test AN_CTP_COOLING_F OP8(29),57,deg,20,99,Passed,0.0002097
7.8.8 Power Test FSEVBLV_Voltage OP8(29),15,V,14,17,Passed,0.0001928
7.8.9 Power Test FSEVBHV_Voltage OP8(29),390,V,360,410,Passed,0.0002341
7.8.10 Power Test FTEABHV_UbatHV OP8(29),388,V,360,410,Passed,0.0002454
7.8.11 Power Test SAEABHV_Voltage OP8(29),390,V,360,410,Passed,0.0002652
7.4.1 Power Test U Current OP4(30),421.603083447215,A,400,500,Passed,0.1795924
7.4.2 Power Test V Current OP4(30),425.076990087037,A,400,500,Passed,0.177561
7.4.3 Power Test W Current OP4(30),429.078801727821,A,400,500,Passed,0.1790472
7.4.4 Power Test F_TEMP_MEAS_CTL  OP4(30),65,deg,20,99,Passed,0.0002154
7.4.5 Power Test F_TEMP_MEAS_MOD OP4(30),74,deg,20,99,Passed,0.0001847
7.4.6 Power Test F_TEMP_MEAS_DRV OP4(30),81,deg,20,99,Passed,0.0001953
7.4.7 Power Test AN_CTP_COOLING_F OP4(30),57,deg,20,99,Passed,0.0001903
7.4.8 Power Test FSEVBLV_Voltage OP4(30),9,V,9,12,Passed,0.0001917
7.4.9 Power Test FSEVBHV_Voltage OP4(30),390,V,360,410,Passed,0.0001847
7.4.10 Power Test FTEABHV_UbatHV OP4(30),388,V,360,410,Passed,0.0005448
7.4.11 Power Test SAEABHV_Voltage OP4(30),390,V,360,410,Passed,0.0001999
7.8.1 Power Test U Current OP8(30),420.937718536742,A,400,500,Passed,0.1925803
7.8.2 Power Test V Current OP8(30),425.946987465816,A,400,500,Passed,0.1845525
7.8.3 Power Test W Current OP8(30),431.443541207721,A,400,500,Passed,0.1870662
7.8.4 Power Test F_TEMP_MEAS_CTL  OP8(30),65,deg,20,99,Passed,0.0001674
7.8.5 Power Test F_TEMP_MEAS_MOD OP8(30),74,deg,20,99,Passed,0.0001984
7.8.6 Power Test F_TEMP_MEAS_DRV OP8(30),81,deg,20,99,Passed,0.0001638
7.8.7 Power Test AN_CTP_COOLING_F OP8(30),57,deg,20,99,Passed,0.0001727
7.8.8 Power Test FSEVBLV_Voltage OP8(30),15,V,14,17,Passed,0.0004774
7.8.9 Power Test FSEVBHV_Voltage OP8(30),391,V,360,410,Passed,0.0002267
7.8.10 Power Test FTEABHV_UbatHV OP8(30),388,V,360,410,Passed,0.0002482
7.8.11 Power Test SAEABHV_Voltage OP8(30),391,V,360,410,Passed,0.0002295
7.4.1 Power Test U Current OP4(31),419.846826099546,A,400,500,Passed,0.1850952
7.4.2 Power Test V Current OP4(31),426.428609772498,A,400,500,Passed,0.1780805
7.4.3 Power Test W Current OP4(31),429.64319072342,A,400,500,Passed,0.1755445
7.4.4 Power Test F_TEMP_MEAS_CTL  OP4(31),65,deg,20,99,Passed,0.0002673
7.4.5 Power Test F_TEMP_MEAS_MOD OP4(31),75,deg,20,99,Passed,0.0001716
7.4.6 Power Test F_TEMP_MEAS_DRV OP4(31),82,deg,20,99,Passed,0.0001698
7.4.7 Power Test AN_CTP_COOLING_F OP4(31),57,deg,20,99,Passed,0.0001871
7.4.8 Power Test FSEVBLV_Voltage OP4(31),9,V,9,12,Passed,0.0002119
7.4.9 Power Test FSEVBHV_Voltage OP4(31),389,V,360,410,Passed,0.0002002
7.4.10 Power Test FTEABHV_UbatHV OP4(31),387,V,360,410,Passed,0.0002719
7.4.11 Power Test SAEABHV_Voltage OP4(31),389,V,360,410,Passed,0.0002359
7.8.1 Power Test U Current OP8(31),422.508801815364,A,400,500,Passed,0.1828982
7.8.2 Power Test V Current OP8(31),424.383691730672,A,400,500,Passed,0.1768891
7.8.3 Power Test W Current OP8(31),430.526969871084,A,400,500,Passed,0.1765798
7.8.4 Power Test F_TEMP_MEAS_CTL  OP8(31),66,deg,20,99,Passed,0.0002443
7.8.5 Power Test F_TEMP_MEAS_MOD OP8(31),75,deg,20,99,Passed,0.0001511
7.8.6 Power Test F_TEMP_MEAS_DRV OP8(31),82,deg,20,99,Passed,0.0001656
7.8.7 Power Test AN_CTP_COOLING_F OP8(31),58,deg,20,99,Passed,0.000209
7.8.8 Power Test FSEVBLV_Voltage OP8(31),15,V,14,17,Passed,0.0001854
7.8.9 Power Test FSEVBHV_Voltage OP8(31),389,V,360,410,Passed,0.000232
7.8.10 Power Test FTEABHV_UbatHV OP8(31),388,V,360,410,Passed,0.0005929
7.8.11 Power Test SAEABHV_Voltage OP8(31),389,V,360,410,Passed,0.00022
7.0.1 Error Code Check,FF,,FF,FF,Passed,4.8E-05
If,,,,,Done,3.14E-05
End,,,,,Done,3.6E-05
 